id,Longitude,Latitude,Altitude,VelocityX,VelocityY,VelocityZ,Wifi1,Wifi2,Wifi3,Wifi4,Wifi5,Wifi6,Wifi7,Wifi8,DroneHeading,Battery,Voltage,Current,Date,Method,VelocitySolid
20291,151.226871156801,-33.9310248182836,9.80000019073486,0.0,0.0,0.0,-100,-101,-91,-100,-101,-101,-101,-108,97.5,89,15749,-9373,"2016-11-17 11:38:48.833","speed 8 -2",8
20292,151.226871156801,-33.9310248182836,9.80000019073486,0.0,0.0,0.0,-100,-101,-91,-100,-101,-101,-101,-108,97.5,89,15749,-9373,"2016-11-17 11:38:48.921","speed 8 -2",8
20293,151.226871189662,-33.9310247312669,9.80000019073486,0.0,0.0,0.0,-100,-101,-91,-100,-101,-101,-101,-108,97.4,89,15749,-9373,"2016-11-17 11:38:49.021","speed 8 -2",8
20294,151.22687112469,-33.9310247464445,9.80000019073486,0.0,0.0,0.0,-100,-101,-91,-100,-101,-101,-101,-108,97.4,89,15749,-9373,"2016-11-17 11:38:49.122","speed 8 -2",8
20295,151.226871147213,-33.9310247756037,9.80000019073486,0.0,0.0,0.0,-100,-102,-94,-98,-100,-99,-102,-108,97.3,89,15749,-9373,"2016-11-17 11:38:49.222","speed 8 -2",8
20296,151.22687107617,-33.9310248063926,9.80000019073486,0.0,0.0,0.0,-100,-102,-94,-98,-100,-99,-102,-108,97.4,89,15749,-9373,"2016-11-17 11:38:49.323","speed 8 -2",8
20297,151.226871018283,-33.9310247048151,9.80000019073486,0.0,0.0,0.0,-100,-102,-94,-98,-100,-99,-102,-108,97.4,89,15749,-9373,"2016-11-17 11:38:49.423","speed 8 -2",8
20298,151.226870987593,-33.9310247185309,9.80000019073486,0.0,0.0,0.0,-100,-102,-94,-98,-100,-99,-102,-108,97.5,89,15749,-9373,"2016-11-17 11:38:49.522","speed 8 -2",8
20299,151.22687087992,-33.9310247227345,9.80000019073486,0.0,0.0,0.0,-100,-102,-94,-98,-100,-99,-102,-108,97.5,89,15729,-9613,"2016-11-17 11:38:49.622","speed 8 -2",8
20300,151.226870883385,-33.9310246988509,9.69999980926514,0.0,0.0,0.0,-100,-102,-94,-98,-100,-99,-102,-108,97.5,89,15729,-9613,"2016-11-17 11:38:49.724","speed 8 -2",8
20301,151.226870615633,-33.931024697056,9.80000019073486,0.0,0.0,0.0,-100,-102,-94,-98,-100,-99,-102,-108,97.6,89,15729,-9613,"2016-11-17 11:38:49.823","speed 8 -2",8
20302,151.226870625077,-33.9310246906216,9.80000019073486,0.0,0.0,0.0,-100,-102,-94,-98,-100,-99,-102,-108,97.6,89,15729,-9613,"2016-11-17 11:38:49.927","speed 8 -2",8
20303,151.226870413741,-33.9310246677351,9.80000019073486,0.0,0.0,0.0,-100,-102,-94,-98,-100,-99,-102,-108,97.7,89,15729,-9613,"2016-11-17 11:38:50.022","speed 8 -2",8
20304,151.226870492071,-33.9310246629188,9.80000019073486,0.0,0.0,0.0,-100,-102,-94,-98,-100,-99,-102,-108,97.7,89,15729,-9613,"2016-11-17 11:38:50.125","speed 8 -2",8
20305,151.226870428594,-33.9310246651749,9.80000019073486,0.0,0.0,0.0,-95,-93,-101,-98,-100,-97,-102,-108,97.8,89,15729,-9613,"2016-11-17 11:38:50.223","speed 8 -2",8
20306,151.226870505361,-33.9310246773736,9.80000019073486,0.0,0.0,0.0,-95,-93,-101,-98,-100,-97,-102,-108,97.8,89,15729,-9613,"2016-11-17 11:38:50.323","speed 8 -2",8
20307,151.226870406393,-33.9310247044564,9.80000019073486,0.0,0.0,0.0,-95,-93,-101,-98,-100,-97,-102,-108,97.8,89,15729,-9613,"2016-11-17 11:38:50.424","speed 8 -2",8
20308,151.226870473697,-33.9310247340863,9.80000019073486,0.0,0.0,0.0,-95,-93,-101,-98,-100,-97,-102,-108,97.7,89,15729,-9613,"2016-11-17 11:38:50.524","speed 8 -2",8
20309,151.226870539182,-33.9310247650563,9.80000019073486,0.0,0.0,0.0,-95,-93,-101,-98,-100,-97,-102,-108,97.6,89,15724,-9484,"2016-11-17 11:38:50.623","speed 8 -2",8
20310,151.22687051845,-33.9310247718889,9.80000019073486,0.0,0.0,0.0,-95,-93,-101,-98,-100,-97,-102,-108,97.6,89,15724,-9484,"2016-11-17 11:38:50.723","speed 8 -2",8
20311,151.226870573105,-33.9310247667108,9.80000019073486,0.0,0.0,0.0,-95,-93,-101,-98,-100,-97,-102,-108,97.5,89,15724,-9484,"2016-11-17 11:38:50.826","speed 8 -2",8
20312,151.226870620738,-33.9310247452442,9.89999961853027,0.0,0.0,0.0,-95,-93,-101,-98,-100,-97,-102,-108,97.6,89,15724,-9484,"2016-11-17 11:38:50.927","speed 8 -2",8
20313,151.226870729931,-33.9310248186035,9.89999961853027,0.0,0.100000001490116,0.0,-95,-93,-101,-98,-100,-97,-102,-108,97.8,89,15724,-9484,"2016-11-17 11:38:51.028","speed 8 -2",8
20314,151.226870770625,-33.9310247960789,9.80000019073486,0.0,0.100000001490116,0.0,-95,-93,-101,-98,-100,-97,-102,-108,97.9,89,15724,-9484,"2016-11-17 11:38:51.128","speed 8 -2",8
20315,151.226871007506,-33.9310247767581,9.80000019073486,0.0,0.100000001490116,0.0,-100,-101,-101,-100,-89,-99,-102,-108,98.0,89,15724,-9484,"2016-11-17 11:38:51.230","speed 8 -2",8
20316,151.226871087428,-33.9310247981138,9.80000019073486,0.0,0.100000001490116,0.0,-100,-101,-101,-100,-89,-99,-102,-108,98.3,89,15724,-9484,"2016-11-17 11:38:51.330","speed 8 -2",8
20317,151.226871382864,-33.9310249245545,9.80000019073486,0.0,0.100000001490116,0.0,-100,-101,-101,-100,-89,-99,-102,-108,98.5,89,15724,-9484,"2016-11-17 11:38:51.431","speed 8 -2",8
20318,151.226871576918,-33.9310249955639,9.80000019073486,-0.100000001490116,0.100000001490116,0.0,-100,-101,-101,-100,-89,-99,-102,-108,98.6,89,15724,-9484,"2016-11-17 11:38:51.532","speed 8 -2",8
20319,151.226871852492,-33.9310251175209,9.80000019073486,-0.100000001490116,0.200000002980232,0.0,-100,-101,-101,-100,-89,-99,-102,-108,98.8,89,15693,-10125,"2016-11-17 11:38:51.631","speed 8 -2",8
20320,151.226872125729,-33.9310252948825,9.89999961853027,-0.200000002980232,0.200000002980232,0.0,-100,-101,-101,-100,-89,-99,-102,-108,98.8,89,15693,-10125,"2016-11-17 11:38:51.732","speed 8 -2",8
20321,151.226872434907,-33.9310254496085,9.80000019073486,-0.200000002980232,0.200000002980232,0.0,-100,-101,-101,-100,-89,-99,-102,-108,98.8,89,15693,-10125,"2016-11-17 11:38:51.832","speed 8 -2",8
20322,151.226873054179,-33.9310260258563,9.89999961853027,-0.200000002980232,0.200000002980232,0.0,-100,-101,-101,-100,-89,-99,-102,-108,99.1,89,15693,-10125,"2016-11-17 11:38:51.941","speed 8 -2",8
20323,151.226873054179,-33.9310260258563,9.89999961853027,-0.200000002980232,0.200000002980232,0.0,-100,-101,-101,-100,-89,-99,-102,-108,99.1,89,15693,-10125,"2016-11-17 11:38:52.032","speed 8 -2",8
20324,151.226873371569,-33.9310262496443,9.89999961853027,-0.200000002980232,0.200000002980232,0.0,-100,-101,-101,-100,-89,-99,-102,-108,99.5,89,15693,-10125,"2016-11-17 11:38:52.132","speed 8 -2",8
20325,151.226873577333,-33.9310264681623,9.89999961853027,-0.200000002980232,0.200000002980232,0.0,-100,-102,-100,-99,-98,-98,-101,-108,99.8,89,15693,-10125,"2016-11-17 11:38:52.232","speed 8 -2",8
20326,151.226874438168,-33.9310269346398,9.80000019073486,-0.200000002980232,0.400000005960464,0.0,-100,-102,-100,-99,-98,-98,-101,-108,100.6,89,15693,-10125,"2016-11-17 11:38:52.334","speed 8 -2",8
20327,151.226874438168,-33.9310269346398,9.80000019073486,-0.200000002980232,0.400000005960464,0.0,-100,-102,-100,-99,-98,-98,-101,-108,100.6,89,15693,-10125,"2016-11-17 11:38:52.432","speed 8 -2",8
20328,151.226874930409,-33.9310271848215,9.89999961853027,-0.200000002980232,0.5,0.0,-100,-102,-100,-99,-98,-98,-101,-108,100.9,89,15693,-10125,"2016-11-17 11:38:52.533","speed 8 -2",8
20329,151.226875560603,-33.9310274195248,9.89999961853027,-0.200000002980232,0.699999988079071,0.0,-100,-102,-100,-99,-98,-98,-101,-108,101.2,89,15673,-10398,"2016-11-17 11:38:52.635","speed 8 -2",8
20330,151.226877521569,-33.9310279846084,9.89999961853027,-0.200000002980232,1.10000002384186,0.0,-100,-102,-100,-99,-98,-98,-101,-108,101.7,89,15673,-10398,"2016-11-17 11:38:52.739","speed 8 -2",8
20331,151.226877521569,-33.9310279846084,9.89999961853027,-0.200000002980232,1.10000002384186,0.0,-100,-102,-100,-99,-98,-98,-101,-108,101.7,89,15673,-10398,"2016-11-17 11:38:52.836","speed 8 -2",8
20332,151.226880477284,-33.9310285401905,9.89999961853027,-0.300000011920929,1.5,0.0,-100,-102,-100,-99,-98,-98,-101,-108,102.0,89,15673,-10398,"2016-11-17 11:38:52.947","speed 8 -2",8
20333,151.226882121771,-33.9310288762826,9.89999961853027,-0.300000011920929,1.70000004768372,-0.100000001490116,-100,-102,-100,-99,-98,-98,-101,-108,102.0,89,15673,-10398,"2016-11-17 11:38:53.037","speed 8 -2",8
20334,151.226884400075,-33.9310292845569,9.89999961853027,-0.400000005960464,1.89999997615814,0.0,-100,-84,-95,-98,-100,-100,-101,-108,101.8,89,15673,-10398,"2016-11-17 11:38:53.137","speed 8 -2",8
20335,151.22688667918,-33.9310297130042,9.89999961853027,-0.400000005960464,2.20000004768372,0.0,-100,-84,-95,-98,-100,-100,-101,-108,101.6,89,15673,-10398,"2016-11-17 11:38:53.246","speed 8 -2",8
20336,151.226889446002,-33.9310302356424,9.89999961853027,-0.5,2.40000009536743,0.0,-100,-84,-95,-98,-100,-100,-101,-108,101.5,89,15673,-10398,"2016-11-17 11:38:53.342","speed 8 -2",8
20337,151.226891939167,-33.9310307434125,9.89999961853027,-0.5,2.59999990463257,0.0,-100,-84,-95,-98,-100,-100,-101,-108,101.4,89,15673,-10398,"2016-11-17 11:38:53.442","speed 8 -2",8
20338,151.226895353159,-33.9310314372647,9.89999961853027,-0.5,2.79999995231628,0.0,-100,-84,-95,-98,-100,-100,-101,-108,101.7,89,15630,-10791,"2016-11-17 11:38:53.543","speed 8 -2",8
20339,151.226898601966,-33.9310319630805,9.89999961853027,-0.5,3.0,0.0,-100,-84,-95,-98,-100,-100,-101,-108,101.8,89,15630,-10791,"2016-11-17 11:38:53.645","speed 8 -2",8
20340,151.226902445149,-33.9310326362364,9.89999961853027,-0.600000023841858,3.20000004768372,0.0,-100,-84,-95,-98,-100,-100,-101,-108,102.2,89,15630,-10791,"2016-11-17 11:38:53.742","speed 8 -2",8
20341,151.226906157609,-33.9310331939198,9.89999961853027,-0.600000023841858,3.5,0.0,-100,-84,-95,-98,-100,-100,-101,-108,102.4,89,15630,-10791,"2016-11-17 11:38:53.839","speed 8 -2",8
20342,151.226910445299,-33.9310339706201,9.89999961853027,-0.600000023841858,3.59999990463257,0.0,-100,-84,-95,-98,-100,-100,-101,-108,102.5,89,15630,-10791,"2016-11-17 11:38:53.942","speed 8 -2",8
20343,151.226914490251,-33.9310346693925,9.89999961853027,-0.600000023841858,3.79999995231628,0.0,-100,-84,-95,-98,-100,-100,-101,-108,102.7,89,15630,-10791,"2016-11-17 11:38:54.038","speed 8 -2",8
20344,151.226919265144,-33.9310354800141,9.89999961853027,-0.699999988079071,4.0,-0.100000001490116,-100,-101,-100,-99,-92,-100,-101,-108,102.9,89,15630,-10791,"2016-11-17 11:38:54.139","speed 8 -2",8
20345,151.22692382189,-33.9310361527863,9.89999961853027,-0.699999988079071,4.19999980926514,0.0,-100,-101,-100,-99,-92,-100,-101,-108,103.0,89,15630,-10791,"2016-11-17 11:38:54.239","speed 8 -2",8
20346,151.226928945496,-33.9310371382127,9.89999961853027,-0.699999988079071,4.40000009536743,0.0,-100,-101,-100,-99,-92,-100,-101,-108,103.2,89,15630,-10791,"2016-11-17 11:38:54.344","speed 8 -2",8
20347,151.226933930417,-33.9310378533318,9.89999961853027,-0.699999988079071,4.59999990463257,0.0,-100,-101,-100,-99,-92,-100,-101,-108,103.2,89,15630,-10791,"2016-11-17 11:38:54.443","speed 8 -2",8
20348,151.226939565438,-33.9310386350706,9.80000019073486,-0.800000011920929,4.80000019073486,0.100000001490116,-100,-101,-100,-99,-92,-100,-101,-108,103.3,89,15571,-11702,"2016-11-17 11:38:54.538","speed 8 -2",8
20349,151.226945004099,-33.93103946779,9.80000019073486,-0.800000011920929,5.09999990463257,0.0,-100,-101,-100,-99,-92,-100,-101,-108,103.4,89,15571,-11702,"2016-11-17 11:38:54.640","speed 8 -2",8
20350,151.226951150052,-33.9310402103234,9.80000019073486,-0.800000011920929,5.30000019073486,-0.100000001490116,-100,-101,-100,-99,-92,-100,-101,-108,102.8,89,15571,-11702,"2016-11-17 11:38:54.742","speed 8 -2",8
20351,151.22695702853,-33.9310409853535,9.80000019073486,-0.800000011920929,5.40000009536743,0.0,-100,-101,-100,-99,-92,-100,-101,-108,102.3,89,15571,-11702,"2016-11-17 11:38:54.847","speed 8 -2",8
20352,151.226963515502,-33.9310418431077,9.89999961853027,-0.899999976158142,5.59999990463257,-0.200000002980232,-100,-101,-100,-99,-92,-100,-101,-108,101.9,89,15571,-11702,"2016-11-17 11:38:54.943","speed 8 -2",8
20353,151.226969789155,-33.9310426700229,9.89999961853027,-0.899999976158142,5.80000019073486,-0.100000001490116,-100,-101,-100,-99,-92,-100,-101,-108,101.7,89,15571,-11702,"2016-11-17 11:38:55.042","speed 8 -2",8
20354,151.226976644768,-33.9310435228927,9.89999961853027,-0.899999976158142,6.0,0.0,-100,-102,-101,-100,-99,-100,-102,-108,101.3,89,15571,-11702,"2016-11-17 11:38:55.142","speed 8 -2",8
20355,151.226983304473,-33.9310444112818,9.89999961853027,-1.0,6.19999980926514,-0.100000001490116,-100,-102,-101,-100,-99,-100,-102,-108,101.0,89,15571,-11702,"2016-11-17 11:38:55.242","speed 8 -2",8
20356,151.226990582007,-33.9310452720513,10,-1.0,6.40000009536743,-0.100000001490116,-100,-102,-101,-100,-99,-100,-102,-108,100.9,89,15571,-11702,"2016-11-17 11:38:55.342","speed 8 -2",8
20357,151.226997692223,-33.9310462351289,10,-1.0,6.59999990463257,0.0,-100,-102,-101,-100,-99,-100,-102,-108,100.8,89,15571,-11702,"2016-11-17 11:38:55.443","speed 8 -2",8
20358,151.227005365631,-33.9310472057263,10,-1.0,6.80000019073486,0.0,-100,-102,-101,-100,-99,-100,-102,-108,100.5,89,15571,-11702,"2016-11-17 11:38:55.545","speed 8 -2",8
20359,151.227012892488,-33.9310482212642,10,-1.10000002384186,6.90000009536743,0.0,-100,-102,-101,-100,-99,-100,-102,-108,100.3,89,15571,-11702,"2016-11-17 11:38:55.646","speed 8 -2",8
20360,151.227020913872,-33.9310491807455,10,-1.10000002384186,7.09999990463257,0.0,-100,-102,-101,-100,-99,-100,-102,-108,100.1,89,15571,-11702,"2016-11-17 11:38:55.746","speed 8 -2",8
20361,151.227028715838,-33.9310501423761,10,-1.20000004768372,7.19999980926514,0.100000001490116,-100,-102,-101,-100,-99,-100,-102,-108,99.8,89,15571,-11702,"2016-11-17 11:38:55.846","speed 8 -2",8
20362,151.227037013136,-33.9310512218353,10,-1.20000004768372,7.40000009536743,0.0,-100,-102,-101,-100,-99,-100,-102,-108,99.3,89,15571,-11702,"2016-11-17 11:38:55.945","speed 8 -2",8
20363,151.227045168726,-33.9310524034803,10,-1.29999995231628,7.5,0.0,-100,-102,-101,-100,-99,-100,-102,-108,99.1,89,15571,-11702,"2016-11-17 11:38:56.045","speed 8 -2",8
20364,151.227053732715,-33.9310533959019,10,-1.29999995231628,7.59999990463257,0.0,-92,-101,-100,-97,-100,-100,-102,-108,99.0,89,15571,-11702,"2016-11-17 11:38:56.146","speed 8 -2",8
20365,151.22706207719,-33.9310546263982,10,-1.29999995231628,7.59999990463257,0.100000001490116,-92,-101,-100,-97,-100,-100,-102,-108,98.7,89,15571,-11702,"2016-11-17 11:38:56.246","speed 8 -2",8
20366,151.227070713147,-33.9310559408054,9.89999961853027,-1.29999995231628,7.69999980926514,0.0,-92,-101,-100,-97,-100,-100,-102,-108,98.6,89,15571,-11702,"2016-11-17 11:38:56.346","speed 8 -2",8
20367,151.227079103967,-33.9310571787175,10,-1.29999995231628,7.69999980926514,-0.100000001490116,-92,-101,-100,-97,-100,-100,-102,-108,98.6,89,15571,-11702,"2016-11-17 11:38:56.446","speed 8 -2",8
20368,151.227087718408,-33.9310584107744,10,-1.29999995231628,7.69999980926514,0.0,-92,-101,-100,-97,-100,-100,-102,-108,98.7,89,15543,-12087,"2016-11-17 11:38:56.546","speed 8 -2",8
20369,151.227096126208,-33.9310596596245,10,-1.29999995231628,7.69999980926514,0.0,-92,-101,-100,-97,-100,-100,-102,-108,98.8,89,15543,-12087,"2016-11-17 11:38:56.646","speed 8 -2",8
20370,151.227104717511,-33.9310610842529,10,-1.39999997615814,7.69999980926514,-0.100000001490116,-92,-101,-100,-97,-100,-100,-102,-108,99.3,89,15543,-12087,"2016-11-17 11:38:56.747","speed 8 -2",8
20371,151.227113290949,-33.9310623769634,10,-1.39999997615814,7.69999980926514,0.0,-92,-101,-100,-97,-100,-100,-102,-108,99.7,89,15543,-12087,"2016-11-17 11:38:56.847","speed 8 -2",8
20372,151.227121809548,-33.9310636619604,10,-1.39999997615814,7.80000019073486,0.0,-92,-101,-100,-97,-100,-100,-102,-108,99.9,89,15543,-12087,"2016-11-17 11:38:56.947","speed 8 -2",8
20373,151.227130317837,-33.931064981111,10,-1.39999997615814,7.80000019073486,0.0,-92,-101,-100,-97,-100,-100,-102,-108,99.9,89,15543,-12087,"2016-11-17 11:38:57.047","speed 8 -2",8
20374,151.227138923075,-33.9310664230771,10,-1.39999997615814,7.80000019073486,-0.100000001490116,-100,-101,-101,-99,-101,-99,-102,-108,100.1,89,15543,-12087,"2016-11-17 11:38:57.147","speed 8 -2",8
20375,151.227147476878,-33.9310677819212,10,-1.5,7.80000019073486,0.0,-100,-101,-101,-99,-101,-99,-102,-108,99.9,89,15543,-12087,"2016-11-17 11:38:57.249","speed 8 -2",8
20376,151.227155955332,-33.9310691436198,10,-1.5,7.80000019073486,0.0,-100,-101,-101,-99,-101,-99,-102,-108,99.9,89,15543,-12087,"2016-11-17 11:38:57.348","speed 8 -2",8
20377,151.227164529193,-33.9310705382097,10,-1.5,7.80000019073486,-0.100000001490116,-100,-101,-101,-99,-101,-99,-102,-108,99.9,89,15543,-12087,"2016-11-17 11:38:57.448","speed 8 -2",8
20378,151.227172970269,-33.9310719320652,10,-1.5,7.80000019073486,0.0,-100,-101,-101,-99,-101,-99,-102,-108,99.9,89,15471,-12317,"2016-11-17 11:38:57.551","speed 8 -2",8
20379,151.227181533819,-33.931073267137,10,-1.39999997615814,7.90000009536743,0.0,-100,-101,-101,-99,-101,-99,-102,-108,99.9,89,15471,-12317,"2016-11-17 11:38:57.648","speed 8 -2",8
20380,151.227189987832,-33.9310745392679,10,-1.39999997615814,7.90000009536743,0.0,-100,-101,-101,-99,-101,-99,-102,-108,100.2,89,15471,-12317,"2016-11-17 11:38:57.747","speed 8 -2",8
20381,151.22719861864,-33.9310757976035,10,-1.29999995231628,7.90000009536743,0.0,-100,-101,-101,-99,-101,-99,-102,-108,100.4,89,15471,-12317,"2016-11-17 11:38:57.848","speed 8 -2",8
20382,151.227207103783,-33.9310770042316,10,-1.29999995231628,7.90000009536743,0.0,-100,-101,-101,-99,-101,-99,-102,-108,100.5,89,15471,-12317,"2016-11-17 11:38:57.948","speed 8 -2",8
20383,151.227215693326,-33.9310782102766,10,-1.29999995231628,7.90000009536743,0.0,-100,-101,-101,-99,-101,-99,-102,-108,100.6,89,15471,-12317,"2016-11-17 11:38:58.048","speed 8 -2",8
20384,151.22722424315,-33.9310794954533,10,-1.29999995231628,7.90000009536743,0.0,-100,-100,-95,-100,-93,-100,-102,-108,100.9,89,15471,-12317,"2016-11-17 11:38:58.148","speed 8 -2",8
20385,151.227232893509,-33.9310807084887,10,-1.29999995231628,7.90000009536743,0.0,-100,-100,-95,-100,-93,-100,-102,-108,101.1,89,15471,-12317,"2016-11-17 11:38:58.248","speed 8 -2",8
20386,151.227241299467,-33.9310819551316,10,-1.29999995231628,7.90000009536743,0.0,-100,-100,-95,-100,-93,-100,-102,-108,101.2,89,15471,-12317,"2016-11-17 11:38:58.347","speed 8 -2",8
20387,151.227249937143,-33.9310831883311,10,-1.29999995231628,7.90000009536743,0.0,-100,-100,-95,-100,-93,-100,-102,-108,101.4,89,15471,-12317,"2016-11-17 11:38:58.447","speed 8 -2",8
20388,151.227258410519,-33.931084391502,10,-1.39999997615814,7.90000009536743,0.0,-100,-100,-95,-100,-93,-100,-102,-108,101.4,89,15650,-10806,"2016-11-17 11:38:58.548","speed 8 -2",8
20389,151.227266985681,-33.9310856694368,10,-1.39999997615814,7.90000009536743,0.0,-100,-100,-95,-100,-93,-100,-102,-108,101.3,89,15650,-10806,"2016-11-17 11:38:58.648","speed 8 -2",8
20390,151.227275534095,-33.9310869159965,10,-1.39999997615814,7.90000009536743,0.0,-100,-100,-95,-100,-93,-100,-102,-108,101.1,89,15650,-10806,"2016-11-17 11:38:58.748","speed 8 -2",8
20391,151.227284237061,-33.9310882128197,10,-1.39999997615814,8.0,0.0,-100,-100,-95,-100,-93,-100,-102,-108,100.9,89,15650,-10806,"2016-11-17 11:38:58.848","speed 8 -2",8
20392,151.227292717824,-33.9310893870228,10,-1.39999997615814,7.90000009536743,0.0,-100,-100,-95,-100,-93,-100,-102,-108,100.7,89,15650,-10806,"2016-11-17 11:38:58.948","speed 8 -2",8
20393,151.227301412706,-33.9310906664274,10,-1.39999997615814,8.0,0.0,-100,-100,-95,-100,-93,-100,-102,-108,100.4,89,15650,-10806,"2016-11-17 11:38:59.050","speed 8 -2",8
20394,151.22730992627,-33.9310920290006,10,-1.39999997615814,8.0,0.0,-100,-102,-100,-98,-101,-100,-102,-108,100.2,89,15650,-10806,"2016-11-17 11:38:59.149","speed 8 -2",8
20395,151.227318510417,-33.9310932602463,10,-1.29999995231628,8.0,0.0,-100,-102,-100,-98,-101,-100,-102,-108,100.2,89,15650,-10806,"2016-11-17 11:38:59.249","speed 8 -2",8
20396,151.227327007438,-33.9310945490437,9.89999961853027,-1.29999995231628,8.0,0.0,-100,-102,-100,-98,-101,-100,-102,-108,100.1,89,15650,-10806,"2016-11-17 11:38:59.350","speed 8 -2",8
20397,151.227335720914,-33.9310957947258,10,-1.29999995231628,8.0,0.0,-100,-102,-100,-98,-101,-100,-102,-108,100.1,89,15650,-10806,"2016-11-17 11:38:59.450","speed 8 -2",8
20398,151.227344334372,-33.9310969894074,9.89999961853027,-1.29999995231628,8.0,0.0,-100,-102,-100,-98,-101,-100,-102,-108,100.1,88,15715,-9113,"2016-11-17 11:38:59.550","speed 8 -2",8
20399,151.227352916894,-33.931098234362,9.89999961853027,-1.29999995231628,8.0,0.0,-100,-102,-100,-98,-101,-100,-102,-108,100.2,88,15715,-9113,"2016-11-17 11:38:59.661","speed 8 -2",8
20400,151.227361493446,-33.9310995667191,9.89999961853027,-1.29999995231628,8.0,0.0,-100,-102,-100,-98,-101,-100,-102,-108,100.0,88,15715,-9113,"2016-11-17 11:38:59.750","speed 8 -2",8
20401,151.227370205449,-33.9311008251786,9.89999961853027,-1.39999997615814,8.0,0.0,-100,-102,-100,-98,-101,-100,-102,-108,100.1,88,15715,-9113,"2016-11-17 11:38:59.851","speed 8 -2",8
20402,151.227378655025,-33.931101992949,9.89999961853027,-1.29999995231628,8.0,0.0,-100,-102,-100,-98,-101,-100,-102,-108,100.1,88,15715,-9113,"2016-11-17 11:38:59.952","speed 8 -2",8
20403,151.227387352905,-33.9311032541002,9.89999961853027,-1.39999997615814,7.90000009536743,0.0,-100,-102,-100,-98,-101,-100,-102,-108,100.1,88,15715,-9113,"2016-11-17 11:39:00.051","speed 8 -2",8
20404,151.227395964601,-33.9311045278661,9.89999961853027,-1.29999995231628,7.90000009536743,0.0,-100,-101,-100,-95,-97,-101,-102,-108,100.1,88,15715,-9113,"2016-11-17 11:39:00.152","speed 8 -2",8
20405,151.227404559785,-33.9311057649954,9.89999961853027,-1.39999997615814,7.90000009536743,0.0,-100,-101,-100,-95,-97,-101,-102,-108,100.0,88,15715,-9113,"2016-11-17 11:39:00.252","speed 8 -2",8
20406,151.227413170738,-33.9311070199021,9.80000019073486,-1.29999995231628,7.90000009536743,0.0,-100,-101,-100,-95,-97,-101,-102,-108,100.1,88,15715,-9113,"2016-11-17 11:39:00.352","speed 8 -2",8
20407,151.227421841547,-33.9311082769697,9.80000019073486,-1.29999995231628,7.90000009536743,0.0,-100,-101,-100,-95,-97,-101,-102,-108,100.1,88,15715,-9113,"2016-11-17 11:39:00.453","speed 8 -2",8
20408,151.227430318507,-33.9311095072408,9.80000019073486,-1.39999997615814,7.90000009536743,0.0,-100,-101,-100,-95,-97,-101,-102,-108,100.1,88,15754,-8704,"2016-11-17 11:39:00.551","speed 8 -2",8
20409,151.227438985502,-33.9311107712239,9.80000019073486,-1.39999997615814,7.90000009536743,0.0,-100,-101,-100,-95,-97,-101,-102,-108,100.1,88,15754,-8704,"2016-11-17 11:39:00.651","speed 8 -2",8
20410,151.227447516053,-33.9311120424264,9.80000019073486,-1.39999997615814,7.90000009536743,0.0,-100,-101,-100,-95,-97,-101,-102,-108,100.0,88,15754,-8704,"2016-11-17 11:39:00.752","speed 8 -2",8
20411,151.227456144763,-33.9311133048136,9.80000019073486,-1.39999997615814,7.90000009536743,0.0,-100,-101,-100,-95,-97,-101,-102,-108,100.1,88,15754,-8704,"2016-11-17 11:39:00.858","speed 8 -2",8
20412,151.227464683875,-33.9311145408737,9.80000019073486,-1.29999995231628,7.90000009536743,0.0,-100,-101,-100,-95,-97,-101,-102,-108,100.1,88,15754,-8704,"2016-11-17 11:39:00.953","speed 8 -2",8
20413,151.227473347953,-33.9311157934996,9.80000019073486,-1.29999995231628,7.90000009536743,-0.100000001490116,-100,-101,-100,-95,-97,-101,-102,-108,100.3,88,15754,-8704,"2016-11-17 11:39:01.052","speed 8 -2",8
20414,151.227481864228,-33.931117006571,9.80000019073486,-1.29999995231628,7.90000009536743,-0.100000001490116,-100,-102,-96,-88,-98,-100,-102,-108,100.3,88,15754,-8704,"2016-11-17 11:39:01.153","speed 8 -2",8
20415,151.227490530252,-33.9311182624475,9.80000019073486,-1.39999997615814,7.90000009536743,0.0,-100,-102,-96,-88,-98,-100,-102,-108,100.3,88,15754,-8704,"2016-11-17 11:39:01.253","speed 8 -2",8
20416,151.227499097134,-33.9311195142521,9.80000019073486,-1.29999995231628,7.90000009536743,0.0,-100,-102,-96,-88,-98,-100,-102,-108,100.3,88,15754,-8704,"2016-11-17 11:39:01.353","speed 8 -2",8
20417,151.22750770956,-33.931120760623,9.80000019073486,-1.39999997615814,7.90000009536743,0.0,-100,-102,-96,-88,-98,-100,-102,-108,100.3,88,15754,-8704,"2016-11-17 11:39:01.453","speed 8 -2",8
20418,151.227516291113,-33.9311220267719,9.80000019073486,-1.29999995231628,7.90000009536743,0.0,-100,-102,-96,-88,-98,-100,-102,-108,100.4,88,15698,-9644,"2016-11-17 11:39:01.553","speed 8 -2",8
20419,151.227524961677,-33.9311232837372,9.80000019073486,-1.29999995231628,7.90000009536743,0.0,-100,-102,-96,-88,-98,-100,-102,-108,100.4,88,15698,-9644,"2016-11-17 11:39:01.653","speed 8 -2",8
20420,151.227533466543,-33.9311245163596,9.80000019073486,-1.29999995231628,7.90000009536743,0.0,-100,-102,-96,-88,-98,-100,-102,-108,100.5,88,15698,-9644,"2016-11-17 11:39:01.754","speed 8 -2",8
20421,151.227542113196,-33.9311257646057,9.80000019073486,-1.29999995231628,7.90000009536743,0.0,-100,-102,-96,-88,-98,-100,-102,-108,100.6,88,15698,-9644,"2016-11-17 11:39:01.858","speed 8 -2",8
20422,151.227550670482,-33.9311269823738,9.80000019073486,-1.29999995231628,7.90000009536743,0.0,-100,-102,-96,-88,-98,-100,-102,-108,100.6,88,15698,-9644,"2016-11-17 11:39:01.958","speed 8 -2",8
20423,151.227559263406,-33.9311282238542,9.80000019073486,-1.29999995231628,7.90000009536743,0.0,-100,-102,-96,-88,-98,-100,-102,-108,100.5,88,15698,-9644,"2016-11-17 11:39:02.058","speed 8 -2",8
20424,151.22756785927,-33.9311294676386,9.80000019073486,-1.29999995231628,7.90000009536743,0.0,-99,-96,-98,-91,-100,-98,-102,-108,100.4,88,15698,-9644,"2016-11-17 11:39:02.158","speed 8 -2",8
20425,151.227576543295,-33.9311307195929,9.80000019073486,-1.29999995231628,7.90000009536743,0.0,-99,-96,-98,-91,-100,-98,-102,-108,100.3,88,15698,-9644,"2016-11-17 11:39:02.258","speed 8 -2",8
20426,151.227585121953,-33.9311319956335,9.80000019073486,-1.39999997615814,7.90000009536743,0.0,-99,-96,-98,-91,-100,-98,-102,-108,100.3,88,15698,-9644,"2016-11-17 11:39:02.358","speed 8 -2",8
20427,151.227593806775,-33.9311332601645,9.80000019073486,-1.39999997615814,7.90000009536743,-0.100000001490116,-99,-96,-98,-91,-100,-98,-102,-108,100.4,88,15698,-9644,"2016-11-17 11:39:02.459","speed 8 -2",8
20428,151.227602466516,-33.9311345116157,9.89999961853027,-1.39999997615814,7.90000009536743,-0.100000001490116,-99,-96,-98,-91,-100,-98,-102,-108,100.2,88,15664,-10329,"2016-11-17 11:39:02.559","speed 8 -2",8
20429,151.227611151546,-33.9311357707779,9.89999961853027,-1.29999995231628,7.90000009536743,0.0,-99,-96,-98,-91,-100,-98,-102,-108,100.3,88,15664,-10329,"2016-11-17 11:39:02.659","speed 8 -2",8
20430,151.227619657186,-33.9311370106454,9.89999961853027,-1.29999995231628,7.90000009536743,0.0,-99,-96,-98,-91,-100,-98,-102,-108,100.3,88,15664,-10329,"2016-11-17 11:39:02.763","speed 8 -2",8
20431,151.227628334942,-33.9311382516752,9.89999961853027,-1.29999995231628,7.90000009536743,-0.100000001490116,-99,-96,-98,-91,-100,-98,-102,-108,100.3,88,15664,-10329,"2016-11-17 11:39:02.862","speed 8 -2",8
20432,151.227636993074,-33.9311394828093,9.89999961853027,-1.29999995231628,7.90000009536743,0.0,-99,-96,-98,-91,-100,-98,-102,-108,100.3,88,15664,-10329,"2016-11-17 11:39:02.962","speed 8 -2",8
20433,151.227645604822,-33.9311407061825,9.89999961853027,-1.29999995231628,7.90000009536743,0.0,-99,-96,-98,-91,-100,-98,-102,-108,100.3,88,15664,-10329,"2016-11-17 11:39:03.063","speed 8 -2",8
20434,151.227654146217,-33.9311419336288,9.89999961853027,-1.29999995231628,7.90000009536743,-0.100000001490116,-100,-101,-89,-90,-98,-100,-100,-108,100.2,88,15664,-10329,"2016-11-17 11:39:03.163","speed 8 -2",8
20435,151.227662813529,-33.9311431654451,9.89999961853027,-1.29999995231628,7.90000009536743,-0.100000001490116,-100,-101,-89,-90,-98,-100,-100,-108,100.2,88,15664,-10329,"2016-11-17 11:39:03.263","speed 8 -2",8
20436,151.227671388841,-33.9311444118102,9.89999961853027,-1.29999995231628,7.90000009536743,-0.100000001490116,-100,-101,-89,-90,-98,-100,-100,-108,100.3,88,15664,-10329,"2016-11-17 11:39:03.364","speed 8 -2",8
20437,151.227680009443,-33.9311456300485,10,-1.29999995231628,7.90000009536743,-0.100000001490116,-100,-101,-89,-90,-98,-100,-100,-108,100.3,88,15664,-10329,"2016-11-17 11:39:03.465","speed 8 -2",8
20438,151.227688493521,-33.9311467775117,9.89999961853027,-1.29999995231628,7.90000009536743,0.0,-100,-101,-89,-90,-98,-100,-100,-108,100.3,88,15648,-10336,"2016-11-17 11:39:03.565","speed 8 -2",8
20439,151.227697053989,-33.9311479933458,9.89999961853027,-1.29999995231628,7.90000009536743,0.0,-100,-101,-89,-90,-98,-100,-100,-108,100.2,88,15648,-10336,"2016-11-17 11:39:03.665","speed 8 -2",8
20440,151.227705481824,-33.9311491790978,10,-1.29999995231628,7.90000009536743,0.0,-100,-101,-89,-90,-98,-100,-100,-108,100.1,88,15648,-10336,"2016-11-17 11:39:03.769","speed 8 -2",8
20441,151.227714104764,-33.9311504045208,10,-1.29999995231628,7.90000009536743,0.0,-100,-101,-89,-90,-98,-100,-100,-108,100.1,88,15648,-10336,"2016-11-17 11:39:03.864","speed 8 -2",8
20442,151.227722598443,-33.9311516903685,10,-1.29999995231628,7.90000009536743,0.0,-100,-101,-89,-90,-98,-100,-100,-108,100.2,88,15648,-10336,"2016-11-17 11:39:03.965","speed 8 -2",8
20443,151.227731244232,-33.9311529269533,9.89999961853027,-1.29999995231628,7.90000009536743,0.0,-100,-101,-89,-90,-98,-100,-100,-108,100.1,88,15648,-10336,"2016-11-17 11:39:04.068","speed 8 -2",8
20444,151.227739800425,-33.9311541179291,9.89999961853027,-1.29999995231628,7.90000009536743,0.0,-101,-101,-101,-100,-100,-85,-102,-108,100.3,88,15648,-10336,"2016-11-17 11:39:04.165","speed 8 -2",8
20445,151.227748383024,-33.9311553816525,9.89999961853027,-1.39999997615814,7.90000009536743,0.0,-101,-101,-101,-100,-100,-85,-102,-108,100.0,88,15648,-10336,"2016-11-17 11:39:04.265","speed 8 -2",8
20446,151.227756910775,-33.9311566432408,9.89999961853027,-1.39999997615814,7.90000009536743,0.0,-101,-101,-101,-100,-100,-85,-102,-108,99.9,88,15648,-10336,"2016-11-17 11:39:04.369","speed 8 -2",8
20447,151.227765558734,-33.9311579644408,9.89999961853027,-1.39999997615814,7.90000009536743,0.0,-101,-101,-101,-100,-100,-85,-102,-108,99.7,88,15648,-10336,"2016-11-17 11:39:04.466","speed 8 -2",8
20448,151.227773978673,-33.9311592924684,9.89999961853027,-1.39999997615814,7.90000009536743,0.0,-101,-101,-101,-100,-100,-85,-102,-108,99.7,88,15684,-9839,"2016-11-17 11:39:04.567","speed 8 -2",8
20449,151.227782632028,-33.931160586969,10,-1.39999997615814,7.90000009536743,-0.100000001490116,-101,-101,-101,-100,-100,-85,-102,-108,99.9,88,15684,-9839,"2016-11-17 11:39:04.667","speed 8 -2",8
20450,151.227791118292,-33.9311618719445,10,-1.39999997615814,7.90000009536743,-0.100000001490116,-101,-101,-101,-100,-100,-85,-102,-108,100.2,88,15684,-9839,"2016-11-17 11:39:04.768","speed 8 -2",8
20451,151.22779964498,-33.931163118692,10,-1.39999997615814,7.90000009536743,0.0,-101,-101,-101,-100,-100,-85,-102,-108,100.6,88,15684,-9839,"2016-11-17 11:39:04.867","speed 8 -2",8
20452,151.22780809237,-33.9311644876077,10,-1.39999997615814,7.80000019073486,0.0,-101,-101,-101,-100,-100,-85,-102,-108,100.6,88,15684,-9839,"2016-11-17 11:39:04.968","speed 8 -2",8
20453,151.227816659939,-33.9311657547696,10,-1.39999997615814,7.80000019073486,0.0,-101,-101,-101,-100,-100,-85,-102,-108,100.5,88,15684,-9839,"2016-11-17 11:39:05.068","speed 8 -2",8
20454,151.227825022134,-33.9311669582358,10,-1.29999995231628,7.80000019073486,0.0,-100,-101,-98,-100,-98,-100,-102,-108,100.5,88,15684,-9839,"2016-11-17 11:39:05.169","speed 8 -2",8
20455,151.227833600437,-33.9311681946853,10,-1.29999995231628,7.80000019073486,0.0,-100,-101,-98,-100,-98,-100,-102,-108,100.7,88,15684,-9839,"2016-11-17 11:39:05.269","speed 8 -2",8
20456,151.227842153679,-33.9311694496661,10,-1.29999995231628,7.90000009536743,0.0,-100,-101,-98,-100,-98,-100,-102,-108,100.7,88,15684,-9839,"2016-11-17 11:39:05.368","speed 8 -2",8
20457,151.227850754173,-33.9311706589765,10,-1.29999995231628,7.90000009536743,0.0,-100,-101,-98,-100,-98,-100,-102,-108,100.7,88,15684,-9839,"2016-11-17 11:39:05.469","speed 8 -2",8
20458,151.22785913216,-33.931171729927,10,-1.29999995231628,7.90000009536743,0.0,-100,-101,-98,-100,-98,-100,-102,-108,100.6,88,15693,-9509,"2016-11-17 11:39:05.581","speed 8 -2",8
20459,151.22786776062,-33.931172912397,10,-1.29999995231628,7.90000009536743,0.0,-100,-101,-98,-100,-98,-100,-102,-108,100.6,88,15693,-9509,"2016-11-17 11:39:05.670","speed 8 -2",8
20460,151.227876372427,-33.9311740536769,10,-1.29999995231628,7.90000009536743,0.0,-100,-101,-98,-100,-98,-100,-102,-108,100.4,88,15693,-9509,"2016-11-17 11:39:05.770","speed 8 -2",8
20461,151.227884946278,-33.9311751906908,10,-1.29999995231628,7.90000009536743,0.0,-100,-101,-98,-100,-98,-100,-102,-108,100.2,88,15693,-9509,"2016-11-17 11:39:05.870","speed 8 -2",8
20462,151.227893510486,-33.9311762887986,10,-1.20000004768372,7.90000009536743,0.0,-100,-101,-98,-100,-98,-100,-102,-108,100.2,88,15693,-9509,"2016-11-17 11:39:05.970","speed 8 -2",8
20463,151.227902197585,-33.931177460464,10,-1.20000004768372,8.0,0.0,-100,-101,-98,-100,-98,-100,-102,-108,100.2,88,15693,-9509,"2016-11-17 11:39:06.078","speed 8 -2",8
20464,151.227910833639,-33.9311785513655,10,-1.20000004768372,8.0,0.0,-100,-102,-99,-93,-96,-100,-102,-108,100.3,88,15693,-9509,"2016-11-17 11:39:06.171","speed 8 -2",8
20465,151.227919554807,-33.9311797168128,10,-1.29999995231628,8.0,0.0,-100,-102,-99,-93,-96,-100,-102,-108,100.4,88,15693,-9509,"2016-11-17 11:39:06.276","speed 8 -2",8
20466,151.22792816889,-33.931180775041,10,-1.29999995231628,8.0,0.0,-100,-102,-99,-93,-96,-100,-102,-108,100.5,88,15693,-9509,"2016-11-17 11:39:06.372","speed 8 -2",8
20467,151.227936846327,-33.9311818880509,10,-1.29999995231628,8.0,0.0,-100,-102,-99,-93,-96,-100,-102,-108,100.5,88,15693,-9509,"2016-11-17 11:39:06.478","speed 8 -2",8
20468,151.227945564344,-33.9311831050257,9.89999961853027,-1.29999995231628,7.90000009536743,0.0,-100,-102,-99,-93,-96,-100,-102,-108,100.6,88,15742,-8839,"2016-11-17 11:39:06.578","speed 8 -2",8
20469,151.227954238897,-33.9311843224963,9.89999961853027,-1.29999995231628,7.90000009536743,0.0,-100,-102,-99,-93,-96,-100,-102,-108,100.7,88,15742,-8839,"2016-11-17 11:39:06.671","speed 8 -2",8
20470,151.227962731392,-33.9311855029485,9.89999961853027,-1.29999995231628,7.90000009536743,0.0,-100,-102,-99,-93,-96,-100,-102,-108,100.7,88,15742,-8839,"2016-11-17 11:39:06.778","speed 8 -2",8
20471,151.227971322397,-33.9311867681311,9.89999961853027,-1.39999997615814,7.80000019073486,0.0,-100,-102,-99,-93,-96,-100,-102,-108,100.5,88,15742,-8839,"2016-11-17 11:39:06.872","speed 8 -2",8
20472,151.227979808152,-33.9311879947251,10,-1.39999997615814,7.80000019073486,0.0,-100,-102,-99,-93,-96,-100,-102,-108,100.4,88,15742,-8839,"2016-11-17 11:39:06.980","speed 8 -2",8
20473,151.227988359454,-33.9311892215982,10,-1.39999997615814,7.80000019073486,0.0,-100,-102,-99,-93,-96,-100,-102,-108,100.3,88,15742,-8839,"2016-11-17 11:39:07.072","speed 8 -2",8
20474,151.227996817639,-33.9311904952871,10,-1.39999997615814,7.80000019073486,0.0,-97,-102,-101,-89,-91,-100,-102,-108,100.2,88,15742,-8839,"2016-11-17 11:39:07.179","speed 8 -2",8
20475,151.228005384651,-33.9311918059701,10,-1.39999997615814,7.80000019073486,0.0,-97,-102,-101,-89,-91,-100,-102,-108,99.9,88,15742,-8839,"2016-11-17 11:39:07.273","speed 8 -2",8
20476,151.228013779434,-33.9311930534805,10,-1.39999997615814,7.80000019073486,0.0,-97,-102,-101,-89,-91,-100,-102,-108,99.7,88,15742,-8839,"2016-11-17 11:39:07.373","speed 8 -2",8
20477,151.228022356882,-33.9311943542876,10,-1.39999997615814,7.80000019073486,0.0,-97,-102,-101,-89,-91,-100,-102,-108,99.7,88,15742,-8839,"2016-11-17 11:39:07.482","speed 8 -2",8
20478,151.228030857589,-33.9311955987457,10,-1.39999997615814,7.90000009536743,0.0,-97,-102,-101,-89,-91,-100,-102,-108,99.7,88,15732,-8940,"2016-11-17 11:39:07.574","speed 8 -2",8
20479,151.228039400936,-33.9311968183833,10,-1.39999997615814,7.90000009536743,0.0,-97,-102,-101,-89,-91,-100,-102,-108,99.9,88,15732,-8940,"2016-11-17 11:39:07.674","speed 8 -2",8
20480,151.228047867929,-33.9311980441147,10,-1.39999997615814,7.80000019073486,0.0,-97,-102,-101,-89,-91,-100,-102,-108,99.9,88,15732,-8940,"2016-11-17 11:39:07.774","speed 8 -2",8
20481,151.228056444471,-33.9311993313008,10,-1.39999997615814,7.80000019073486,0.0,-97,-102,-101,-89,-91,-100,-102,-108,99.9,88,15732,-8940,"2016-11-17 11:39:07.874","speed 8 -2",8
20482,151.228064930332,-33.9312005032312,10,-1.39999997615814,7.80000019073486,0.0,-97,-102,-101,-89,-91,-100,-102,-108,99.9,88,15732,-8940,"2016-11-17 11:39:07.987","speed 8 -2",8
20483,151.228073508272,-33.9312017735621,10,-1.39999997615814,7.80000019073486,0.0,-97,-102,-101,-89,-91,-100,-102,-108,100.0,88,15732,-8940,"2016-11-17 11:39:08.077","speed 8 -2",8
20484,151.228081951139,-33.9312030901701,10,-1.29999995231628,7.80000019073486,0.0,-100,-101,-93,-94,-93,-100,-102,-108,100.0,88,15732,-8940,"2016-11-17 11:39:08.192","speed 8 -2",8
20485,151.228090479436,-33.9312042993253,10,-1.29999995231628,7.80000019073486,0.0,-100,-101,-93,-94,-93,-100,-102,-108,100.1,88,15732,-8940,"2016-11-17 11:39:08.276","speed 8 -2",8
20486,151.228098940131,-33.9312055294134,10,-1.29999995231628,7.90000009536743,0.0,-100,-101,-93,-94,-93,-100,-102,-108,100.1,88,15732,-8940,"2016-11-17 11:39:08.376","speed 8 -2",8
20487,151.228107531886,-33.9312067927902,10,-1.39999997615814,7.90000009536743,0.0,-100,-101,-93,-94,-93,-100,-102,-108,100.0,88,15732,-8940,"2016-11-17 11:39:08.486","speed 8 -2",8
20488,151.228115961644,-33.9312080174058,10,-1.29999995231628,7.90000009536743,0.0,-100,-101,-93,-94,-93,-100,-102,-108,100.1,88,15732,-8940,"2016-11-17 11:39:08.576","speed 8 -2",8
20489,151.228124570901,-33.9312092819233,10,-1.39999997615814,7.90000009536743,0.0,-100,-101,-93,-94,-93,-100,-102,-108,100.3,88,15732,-8940,"2016-11-17 11:39:08.677","speed 8 -2",8
20490,151.228133028331,-33.9312105421932,10,-1.39999997615814,7.90000009536743,0.0,-100,-101,-93,-94,-93,-100,-102,-108,100.4,88,15732,-8940,"2016-11-17 11:39:08.777","speed 8 -2",8
20491,151.228141626861,-33.9312118172373,10,-1.39999997615814,7.90000009536743,0.0,-100,-101,-93,-94,-93,-100,-102,-108,100.3,88,15732,-8940,"2016-11-17 11:39:08.877","speed 8 -2",8
20492,151.228150120487,-33.9312129640253,10,-1.39999997615814,7.90000009536743,0.0,-100,-101,-93,-94,-93,-100,-102,-108,100.3,88,15732,-8940,"2016-11-17 11:39:08.989","speed 8 -2",8
20493,151.228158727657,-33.931214248702,10,-1.39999997615814,7.90000009536743,0.0,-100,-101,-93,-94,-93,-100,-102,-108,100.2,88,15732,-8940,"2016-11-17 11:39:09.077","speed 8 -2",8
20494,151.228167300549,-33.9312155157239,10,-1.39999997615814,7.90000009536743,0.0,-100,-101,-98,-100,-87,-100,-102,-108,100.2,88,15732,-8940,"2016-11-17 11:39:09.178","speed 8 -2",8
20495,151.228175861661,-33.9312167767389,10,-1.39999997615814,7.90000009536743,0.0,-100,-101,-98,-100,-87,-100,-102,-108,100.2,88,15732,-8940,"2016-11-17 11:39:09.276","speed 8 -2",8
20496,151.228184314054,-33.9312180316146,10,-1.39999997615814,7.90000009536743,0.0,-100,-101,-98,-100,-87,-100,-102,-108,100.1,88,15732,-8940,"2016-11-17 11:39:09.383","speed 8 -2",8
20497,151.228192958214,-33.9312193158854,10,-1.39999997615814,7.90000009536743,0.0,-100,-101,-98,-100,-87,-100,-102,-108,100.2,88,15732,-8940,"2016-11-17 11:39:09.477","speed 8 -2",8
20498,151.228201468892,-33.9312205094159,10,-1.39999997615814,7.90000009536743,0.0,-100,-101,-98,-100,-87,-100,-102,-108,100.1,88,15743,-8859,"2016-11-17 11:39:09.577","speed 8 -2",8
20499,151.228210126146,-33.9312217777224,10,-1.39999997615814,7.90000009536743,0.0,-100,-101,-98,-100,-87,-100,-102,-108,100.1,88,15743,-8859,"2016-11-17 11:39:09.690","speed 8 -2",8
20500,151.228218770753,-33.931223081689,10,-1.29999995231628,7.90000009536743,0.0,-100,-101,-98,-100,-87,-100,-102,-108,100.1,88,15743,-8859,"2016-11-17 11:39:09.778","speed 8 -2",8
20501,151.228227372377,-33.9312242967132,10,-1.39999997615814,7.90000009536743,0.100000001490116,-100,-101,-98,-100,-87,-100,-102,-108,100.0,88,15743,-8859,"2016-11-17 11:39:09.891","speed 8 -2",8
20502,151.228235948484,-33.9312254498723,10,-1.39999997615814,7.90000009536743,0.0,-100,-101,-98,-100,-87,-100,-102,-108,99.8,88,15743,-8859,"2016-11-17 11:39:09.981","speed 8 -2",8
20503,151.228244590236,-33.9312267426697,10,-1.39999997615814,7.90000009536743,0.0,-100,-101,-98,-100,-87,-100,-102,-108,99.9,88,15743,-8859,"2016-11-17 11:39:10.079","speed 8 -2",8
20504,151.228253072975,-33.9312280147418,10,-1.39999997615814,7.90000009536743,0.0,-97,-102,-98,-95,-100,-100,-100,-108,100.0,88,15743,-8859,"2016-11-17 11:39:10.178","speed 8 -2",8
20505,151.22826166529,-33.9312293346478,10,-1.39999997615814,7.90000009536743,0.0,-97,-102,-98,-95,-100,-100,-100,-108,99.9,88,15743,-8859,"2016-11-17 11:39:10.277","speed 8 -2",8
20506,151.228270176763,-33.9312306173673,10,-1.39999997615814,7.80000019073486,0.0,-97,-102,-98,-95,-100,-100,-100,-108,99.9,88,15743,-8859,"2016-11-17 11:39:10.377","speed 8 -2",8
20507,151.228278708192,-33.9312318983895,10,-1.39999997615814,7.80000019073486,0.0,-97,-102,-98,-95,-100,-100,-100,-108,99.9,88,15743,-8859,"2016-11-17 11:39:10.478","speed 8 -2",8
20508,151.228287023664,-33.9312332374676,10,-1.39999997615814,7.80000019073486,0.0,-97,-102,-98,-95,-100,-100,-100,-108,99.9,88,15716,-9216,"2016-11-17 11:39:10.579","speed 8 -2",8
20509,151.228295582468,-33.9312345408504,10,-1.39999997615814,7.80000019073486,0.0,-97,-102,-98,-95,-100,-100,-100,-108,99.9,88,15716,-9216,"2016-11-17 11:39:10.679","speed 8 -2",8
20510,151.228304058811,-33.9312357786146,10,-1.39999997615814,7.80000019073486,0.100000001490116,-97,-102,-98,-95,-100,-100,-100,-108,99.8,88,15716,-9216,"2016-11-17 11:39:10.779","speed 8 -2",8
20511,151.228312659694,-33.9312370401302,10,-1.29999995231628,7.90000009536743,0.0,-97,-102,-98,-95,-100,-100,-100,-108,99.9,88,15716,-9216,"2016-11-17 11:39:10.879","speed 8 -2",8
20512,151.228321078226,-33.9312381752068,10,-1.29999995231628,7.90000009536743,0.0,-97,-102,-98,-95,-100,-100,-100,-108,100.1,88,15716,-9216,"2016-11-17 11:39:10.980","speed 8 -2",8
20513,151.228329630524,-33.9312393785387,10,-1.29999995231628,7.90000009536743,0.0,-97,-102,-98,-95,-100,-100,-100,-108,100.0,88,15716,-9216,"2016-11-17 11:39:11.080","speed 8 -2",8
20514,151.228338074985,-33.9312405742667,10,-1.39999997615814,7.90000009536743,0.0,-98,-100,-87,-99,-101,-101,-102,-108,99.8,88,15716,-9216,"2016-11-17 11:39:11.180","speed 8 -2",8
20515,151.228346691949,-33.9312418401356,10,-1.39999997615814,7.90000009536743,0.0,-98,-100,-87,-99,-101,-101,-102,-108,99.5,88,15716,-9216,"2016-11-17 11:39:11.280","speed 8 -2",8
20516,151.228355068394,-33.9312429950898,10,-1.39999997615814,7.90000009536743,0.0,-98,-100,-87,-99,-101,-101,-102,-108,99.6,88,15716,-9216,"2016-11-17 11:39:11.381","speed 8 -2",8
20517,151.228363707273,-33.9312442630389,10,-1.39999997615814,7.90000009536743,0.0,-98,-100,-87,-99,-101,-101,-102,-108,99.9,88,15716,-9216,"2016-11-17 11:39:11.481","speed 8 -2",8
20518,151.228372275664,-33.9312455505965,9.89999961853027,-1.39999997615814,7.90000009536743,0.0,-98,-100,-87,-99,-101,-101,-102,-108,99.9,88,15697,-9052,"2016-11-17 11:39:11.584","speed 8 -2",8
20519,151.228380869289,-33.9312467947893,9.89999961853027,-1.39999997615814,7.90000009536743,0.0,-98,-100,-87,-99,-101,-101,-102,-108,99.9,88,15697,-9052,"2016-11-17 11:39:11.683","speed 8 -2",8
20520,151.22838944828,-33.9312481043281,9.89999961853027,-1.39999997615814,7.90000009536743,0.0,-98,-100,-87,-99,-101,-101,-102,-108,99.9,88,15697,-9052,"2016-11-17 11:39:11.782","speed 8 -2",8
20521,151.228398131732,-33.9312494259803,9.89999961853027,-1.39999997615814,7.90000009536743,0.0,-98,-100,-87,-99,-101,-101,-102,-108,99.9,88,15697,-9052,"2016-11-17 11:39:11.882","speed 8 -2",8
20522,151.228406774735,-33.9312507247372,9.89999961853027,-1.39999997615814,8.0,0.0,-98,-100,-87,-99,-101,-101,-102,-108,100.0,88,15697,-9052,"2016-11-17 11:39:11.981","speed 8 -2",8
20523,151.228415406098,-33.9312520462216,10,-1.39999997615814,7.90000009536743,0.0,-98,-100,-87,-99,-101,-101,-102,-108,100.0,88,15697,-9052,"2016-11-17 11:39:12.082","speed 8 -2",8
20524,151.228423925106,-33.9312534256474,10,-1.5,7.90000009536743,0.0,-100,-102,-101,-96,-97,-100,-99,-108,99.9,88,15697,-9052,"2016-11-17 11:39:12.182","speed 8 -2",8
20525,151.228432528829,-33.9312547886553,10,-1.5,7.90000009536743,0.0,-100,-102,-101,-96,-97,-100,-99,-108,99.9,88,15697,-9052,"2016-11-17 11:39:12.282","speed 8 -2",8
20526,151.228440922408,-33.9312561981178,10,-1.5,7.80000019073486,0.0,-100,-102,-101,-96,-97,-100,-99,-108,99.8,88,15697,-9052,"2016-11-17 11:39:12.383","speed 8 -2",8
20527,151.22844948749,-33.9312575443136,10,-1.39999997615814,7.80000019073486,0.0,-100,-102,-101,-96,-97,-100,-99,-108,99.8,88,15697,-9052,"2016-11-17 11:39:12.484","speed 8 -2",8
20528,151.228457971853,-33.9312589548785,10,-1.39999997615814,7.80000019073486,0.0,-100,-102,-101,-96,-97,-100,-99,-108,100.0,88,15701,-9212,"2016-11-17 11:39:12.583","speed 8 -2",8
20529,151.228466504877,-33.931260242711,10,-1.29999995231628,7.80000019073486,0.100000001490116,-100,-102,-101,-96,-97,-100,-99,-108,100.1,88,15701,-9212,"2016-11-17 11:39:12.684","speed 8 -2",8
20530,151.228474904171,-33.9312614524059,10,-1.29999995231628,7.80000019073486,0.0,-100,-102,-101,-96,-97,-100,-99,-108,100.2,88,15701,-9212,"2016-11-17 11:39:12.804","speed 8 -2",8
20531,151.228483478596,-33.9312626534874,10,-1.29999995231628,7.80000019073486,0.0,-100,-102,-101,-96,-97,-100,-99,-108,100.5,88,15701,-9212,"2016-11-17 11:39:12.885","speed 8 -2",8
20532,151.228491897238,-33.9312638922386,10,-1.29999995231628,7.80000019073486,0.0,-100,-102,-101,-96,-97,-100,-99,-108,100.5,88,15701,-9212,"2016-11-17 11:39:12.993","speed 8 -2",8
20533,151.228500438423,-33.9312650816856,10,-1.29999995231628,7.80000019073486,0.0,-100,-102,-101,-96,-97,-100,-99,-108,100.6,88,15701,-9212,"2016-11-17 11:39:13.085","speed 8 -2",8
20534,151.228508821273,-33.9312662556643,10,-1.29999995231628,7.80000019073486,0.0,-101,-101,-100,-99,-89,-101,-102,-108,100.7,88,15701,-9212,"2016-11-17 11:39:13.185","speed 8 -2",8
20535,151.228517280743,-33.9312675093832,10,-1.29999995231628,7.80000019073486,0.0,-101,-101,-100,-99,-89,-101,-102,-108,100.7,88,15701,-9212,"2016-11-17 11:39:13.286","speed 8 -2",8
20536,151.22852566863,-33.9312687035984,10,-1.29999995231628,7.80000019073486,0.0,-101,-101,-100,-99,-89,-101,-102,-108,100.7,88,15701,-9212,"2016-11-17 11:39:13.404","speed 8 -2",8
20537,151.228534163173,-33.9312699258175,10,-1.29999995231628,7.80000019073486,0.0,-101,-101,-100,-99,-89,-101,-102,-108,100.6,88,15701,-9212,"2016-11-17 11:39:13.486","speed 8 -2",8
20538,151.228542530002,-33.9312711511011,10,-1.29999995231628,7.80000019073486,0.0,-101,-101,-100,-99,-89,-101,-102,-108,100.5,88,15748,-8698,"2016-11-17 11:39:13.586","speed 8 -2",8
20539,151.228551043505,-33.9312723751715,10,-1.29999995231628,7.80000019073486,0.0,-101,-101,-100,-99,-89,-101,-102,-108,100.4,88,15748,-8698,"2016-11-17 11:39:13.686","speed 8 -2",8
20540,151.228559452846,-33.9312736840936,10,-1.29999995231628,7.80000019073486,0.100000001490116,-101,-101,-100,-99,-89,-101,-102,-108,100.4,88,15748,-8698,"2016-11-17 11:39:13.790","speed 8 -2",8
20541,151.228567973443,-33.9312749172594,10.1000003814697,-1.29999995231628,7.80000019073486,0.0,-101,-101,-100,-99,-89,-101,-102,-108,100.2,88,15748,-8698,"2016-11-17 11:39:13.887","speed 8 -2",8
20542,151.228576417796,-33.9312761171323,10.1000003814697,-1.29999995231628,7.80000019073486,0.0,-101,-101,-100,-99,-89,-101,-102,-108,100.2,88,15748,-8698,"2016-11-17 11:39:13.988","speed 8 -2",8
20543,151.228584972294,-33.9312773680256,10.1000003814697,-1.29999995231628,7.80000019073486,0.0,-101,-101,-100,-99,-89,-101,-102,-108,100.1,88,15748,-8698,"2016-11-17 11:39:14.087","speed 8 -2",8
20544,151.228593417232,-33.931278776701,10,-1.39999997615814,7.90000009536743,0.0,-93,-101,-100,-100,-95,-93,-102,-108,100.2,88,15748,-8698,"2016-11-17 11:39:14.186","speed 8 -2",8
20545,151.228602019116,-33.9312800349313,10,-1.29999995231628,7.90000009536743,0.0,-93,-101,-100,-100,-95,-93,-102,-108,100.5,88,15748,-8698,"2016-11-17 11:39:14.292","speed 8 -2",8
20546,151.228610585047,-33.9312812819417,10,-1.29999995231628,7.90000009536743,0.0,-93,-101,-100,-100,-95,-93,-102,-108,100.6,88,15748,-8698,"2016-11-17 11:39:14.388","speed 8 -2",8
20547,151.228619179038,-33.9312825247723,10,-1.29999995231628,7.90000009536743,0.0,-93,-101,-100,-100,-95,-93,-102,-108,100.9,88,15748,-8698,"2016-11-17 11:39:14.490","speed 8 -2",8
20548,151.228627622535,-33.9312838379051,10.1000003814697,-1.29999995231628,7.80000019073486,0.0,-93,-101,-100,-100,-95,-93,-102,-108,100.9,87,15695,-9375,"2016-11-17 11:39:14.587","speed 8 -2",8
20549,151.228636160557,-33.9312850781004,10.1000003814697,-1.29999995231628,7.80000019073486,0.0,-93,-101,-100,-100,-95,-93,-102,-108,100.7,87,15695,-9375,"2016-11-17 11:39:14.695","speed 8 -2",8
20550,151.228644642594,-33.9312863621526,10.1000003814697,-1.29999995231628,7.80000019073486,0.100000001490116,-93,-101,-100,-100,-95,-93,-102,-108,100.6,87,15695,-9375,"2016-11-17 11:39:14.787","speed 8 -2",8
20551,151.2286531551,-33.9312876087833,10.1000003814697,-1.29999995231628,7.80000019073486,0.100000001490116,-93,-101,-100,-100,-95,-93,-102,-108,100.6,87,15695,-9375,"2016-11-17 11:39:14.892","speed 8 -2",8
20552,151.2286531551,-33.9312876087833,10.1000003814697,-1.29999995231628,7.80000019073486,0.100000001490116,-93,-101,-100,-100,-95,-93,-102,-108,100.6,87,15695,-9375,"2016-11-17 11:39:14.987","speed 8 -2",8
20553,151.228670190152,-33.9312902151203,10,-1.29999995231628,7.80000019073486,0.100000001490116,-93,-101,-100,-100,-95,-93,-102,-108,100.1,87,15695,-9375,"2016-11-17 11:39:15.096","speed 8 -2",8
20554,151.228678842544,-33.9312914831846,10,-1.29999995231628,7.90000009536743,0.0,-99,-101,-100,-100,-97,-98,-102,-108,99.8,87,15695,-9375,"2016-11-17 11:39:15.189","speed 8 -2",8
20555,151.228687458363,-33.9312927210594,10,-1.29999995231628,7.90000009536743,0.0,-99,-101,-100,-100,-97,-98,-102,-108,99.7,87,15695,-9375,"2016-11-17 11:39:15.288","speed 8 -2",8
20556,151.228695978399,-33.9312938436948,10,-1.29999995231628,7.90000009536743,0.0,-99,-101,-100,-100,-97,-98,-102,-108,99.7,87,15695,-9375,"2016-11-17 11:39:15.394","speed 8 -2",8
20557,151.228704672655,-33.9312950448111,10,-1.29999995231628,7.90000009536743,0.0,-99,-101,-100,-100,-97,-98,-102,-108,99.6,87,15695,-9375,"2016-11-17 11:39:15.489","speed 8 -2",8
20558,151.228704672655,-33.9312950448111,10,-1.29999995231628,7.90000009536743,0.0,-99,-101,-100,-100,-97,-98,-102,-108,99.6,87,15695,-9375,"2016-11-17 11:39:15.589","speed 8 -2",8
20559,151.228721939731,-33.9312976111114,10,-1.39999997615814,7.90000009536743,0.0,-99,-101,-100,-100,-97,-98,-102,-108,99.6,87,15695,-9375,"2016-11-17 11:39:15.689","speed 8 -2",8
20560,151.228730526793,-33.9312988212104,10,-1.39999997615814,7.90000009536743,0.0,-99,-101,-100,-100,-97,-98,-102,-108,99.4,87,15695,-9375,"2016-11-17 11:39:15.789","speed 8 -2",8
20561,151.228739157188,-33.9313001136599,10,-1.39999997615814,7.90000009536743,0.100000001490116,-99,-101,-100,-100,-97,-98,-102,-108,99.5,87,15695,-9375,"2016-11-17 11:39:15.895","speed 8 -2",8
20562,151.228747736888,-33.9313014044263,10,-1.39999997615814,7.90000009536743,0.100000001490116,-99,-101,-100,-100,-97,-98,-102,-108,99.6,87,15695,-9375,"2016-11-17 11:39:15.997","speed 8 -2",8
20563,151.22875639518,-33.9313026785274,9.89999961853027,-1.39999997615814,7.90000009536743,0.0,-99,-101,-100,-100,-97,-98,-102,-108,99.7,87,15695,-9375,"2016-11-17 11:39:16.090","speed 8 -2",8
20564,151.228765072984,-33.9313040197758,9.89999961853027,-1.39999997615814,7.90000009536743,0.0,-98,-100,-100,-96,-100,-100,-102,-108,99.7,87,15695,-9375,"2016-11-17 11:39:16.190","speed 8 -2",8
20565,151.228773697011,-33.9313053033847,9.89999961853027,-1.39999997615814,7.90000009536743,0.0,-98,-100,-100,-96,-100,-100,-102,-108,99.7,87,15695,-9375,"2016-11-17 11:39:16.290","speed 8 -2",8
20566,151.228782249612,-33.9313066163691,9.89999961853027,-1.39999997615814,7.90000009536743,0.0,-98,-100,-100,-96,-100,-100,-102,-108,99.8,87,15695,-9375,"2016-11-17 11:39:16.390","speed 8 -2",8
20567,151.228790835141,-33.931307897911,9.89999961853027,-1.39999997615814,7.80000019073486,0.0,-98,-100,-100,-96,-100,-100,-102,-108,99.8,87,15695,-9375,"2016-11-17 11:39:16.491","speed 8 -2",8
20568,151.228799433804,-33.9313091932914,9.89999961853027,-1.29999995231628,7.90000009536743,0.0,-98,-100,-100,-96,-100,-100,-102,-108,99.8,87,15689,-9641,"2016-11-17 11:39:16.603","speed 8 -2",8
20569,151.2288080501,-33.9313104646004,9.89999961853027,-1.29999995231628,7.90000009536743,0.0,-98,-100,-100,-96,-100,-100,-102,-108,99.8,87,15689,-9641,"2016-11-17 11:39:16.692","speed 8 -2",8
20570,151.228816597228,-33.9313116926718,9.89999961853027,-1.29999995231628,7.90000009536743,0.0,-98,-100,-100,-96,-100,-100,-102,-108,100.2,87,15689,-9641,"2016-11-17 11:39:16.793","speed 8 -2",8
20571,151.228825190776,-33.9313128792995,9.89999961853027,-1.29999995231628,7.90000009536743,0.0,-98,-100,-100,-96,-100,-100,-102,-108,100.5,87,15689,-9641,"2016-11-17 11:39:16.895","speed 8 -2",8
20572,151.228833699338,-33.9313142541426,10,-1.29999995231628,7.80000019073486,0.0,-98,-100,-100,-96,-100,-100,-102,-108,100.7,87,15689,-9641,"2016-11-17 11:39:17.000","speed 8 -2",8
20573,151.228833699338,-33.9313142541426,10,-1.29999995231628,7.80000019073486,0.0,-98,-100,-100,-96,-100,-100,-102,-108,100.7,87,15689,-9641,"2016-11-17 11:39:17.094","speed 8 -2",8
20574,151.22885084167,-33.9313165923207,10,-1.29999995231628,7.80000019073486,0.0,-100,-101,-98,-100,-89,-100,-102,-108,100.9,87,15689,-9641,"2016-11-17 11:39:17.196","speed 8 -2",8
20575,151.228859419723,-33.931317860525,10,-1.29999995231628,7.80000019073486,0.0,-100,-101,-98,-100,-89,-100,-102,-108,101.0,87,15689,-9641,"2016-11-17 11:39:17.302","speed 8 -2",8
20576,151.228867884502,-33.9313190904706,10,-1.20000004768372,7.80000019073486,0.0,-100,-101,-98,-100,-89,-100,-102,-108,101.0,87,15689,-9641,"2016-11-17 11:39:17.395","speed 8 -2",8
20577,151.228876427083,-33.9313202438665,10,-1.20000004768372,7.80000019073486,0.0,-100,-101,-98,-100,-89,-100,-102,-108,100.9,87,15689,-9641,"2016-11-17 11:39:17.496","speed 8 -2",8
20578,151.228884957164,-33.931321464094,10,-1.20000004768372,7.80000019073486,0.0,-100,-101,-98,-100,-89,-100,-102,-108,100.7,87,15659,-9973,"2016-11-17 11:39:17.614","speed 8 -2",8
20579,151.228893505761,-33.9313226268981,10,-1.20000004768372,7.80000019073486,0.0,-100,-101,-98,-100,-89,-100,-102,-108,100.5,87,15659,-9973,"2016-11-17 11:39:17.697","speed 8 -2",8
20580,151.22890203463,-33.9313238144145,10,-1.29999995231628,7.90000009536743,0.0,-100,-101,-98,-100,-89,-100,-102,-108,100.3,87,15659,-9973,"2016-11-17 11:39:17.797","speed 8 -2",8
20581,151.228910654471,-33.9313250563216,10,-1.20000004768372,7.90000009536743,0.0,-100,-101,-98,-100,-89,-100,-102,-108,100.3,87,15659,-9973,"2016-11-17 11:39:17.897","speed 8 -2",8
20582,151.228919233117,-33.9313262569756,10,-1.20000004768372,7.90000009536743,0.0,-100,-101,-98,-100,-89,-100,-102,-108,100.5,87,15659,-9973,"2016-11-17 11:39:17.998","speed 8 -2",8
20583,151.228927827047,-33.9313274220081,10,-1.20000004768372,7.90000009536743,0.0,-100,-101,-98,-100,-89,-100,-102,-108,100.5,87,15659,-9973,"2016-11-17 11:39:18.098","speed 8 -2",8
20584,151.228936276108,-33.9313286228505,10,-1.20000004768372,7.80000019073486,0.0,-100,-102,-100,-100,-89,-100,-102,-108,100.6,87,15659,-9973,"2016-11-17 11:39:18.206","speed 8 -2",8
20585,151.22894485496,-33.931329828486,10,-1.20000004768372,7.80000019073486,0.0,-100,-102,-100,-100,-89,-100,-102,-108,100.8,87,15659,-9973,"2016-11-17 11:39:18.298","speed 8 -2",8
20586,151.228953482243,-33.9313310519114,10,-1.29999995231628,7.90000009536743,0.0,-100,-102,-100,-100,-89,-100,-102,-108,100.8,87,15659,-9973,"2016-11-17 11:39:18.398","speed 8 -2",8
20587,151.228962073048,-33.931332231004,10,-1.29999995231628,7.90000009536743,0.0,-100,-102,-100,-100,-89,-100,-102,-108,100.6,87,15659,-9973,"2016-11-17 11:39:18.508","speed 8 -2",8
20588,151.228970691199,-33.931333505252,10,-1.29999995231628,7.90000009536743,0.0,-100,-102,-100,-100,-89,-100,-102,-108,100.3,87,15721,-9010,"2016-11-17 11:39:18.599","speed 8 -2",8
20589,151.228979308494,-33.9313347048878,10,-1.29999995231628,7.90000009536743,0.0,-100,-102,-100,-100,-89,-100,-102,-108,100.2,87,15721,-9010,"2016-11-17 11:39:18.699","speed 8 -2",8
20590,151.228987980953,-33.9313358976949,10,-1.20000004768372,7.90000009536743,0.0,-100,-102,-100,-100,-89,-100,-102,-108,100.1,87,15721,-9010,"2016-11-17 11:39:18.808","speed 8 -2",8
20591,151.228996696984,-33.931337102428,10,-1.20000004768372,8.0,0.0,-100,-102,-100,-100,-89,-100,-102,-108,100.2,87,15721,-9010,"2016-11-17 11:39:18.899","speed 8 -2",8
20592,151.229005393601,-33.9313382181534,10,-1.20000004768372,8.0,0.0,-100,-102,-100,-100,-89,-100,-102,-108,100.3,87,15721,-9010,"2016-11-17 11:39:18.999","speed 8 -2",8
20593,151.229014110442,-33.9313392989502,10,-1.10000002384186,8.0,0.0,-100,-102,-100,-100,-89,-100,-102,-108,100.5,87,15721,-9010,"2016-11-17 11:39:19.109","speed 8 -2",8
20594,151.229022865783,-33.9313404038449,9.89999961853027,-1.10000002384186,8.0,0.0,-98,-101,-99,-99,-92,-100,-102,-108,100.7,87,15721,-9010,"2016-11-17 11:39:19.199","speed 8 -2",8
20595,151.22903156141,-33.9313414657175,9.89999961853027,-1.10000002384186,7.90000009536743,0.0,-98,-101,-99,-99,-92,-100,-102,-108,100.8,87,15721,-9010,"2016-11-17 11:39:19.301","speed 8 -2",8
20596,151.229040352211,-33.9313425838918,9.89999961853027,-1.20000004768372,8.0,0.0,-98,-101,-99,-99,-92,-100,-102,-108,100.9,87,15721,-9010,"2016-11-17 11:39:19.400","speed 8 -2",8
20597,151.229049065636,-33.9313437606587,9.89999961853027,-1.20000004768372,7.90000009536743,0.0,-98,-101,-99,-99,-92,-100,-102,-108,100.8,87,15721,-9010,"2016-11-17 11:39:19.501","speed 8 -2",8
20598,151.229057644327,-33.9313449545844,9.89999961853027,-1.20000004768372,7.90000009536743,0.0,-98,-101,-99,-99,-92,-100,-102,-108,100.8,87,15729,-8974,"2016-11-17 11:39:19.601","speed 8 -2",8
20599,151.229066223062,-33.9313460738877,9.89999961853027,-1.20000004768372,7.80000019073486,0.0,-98,-101,-99,-99,-92,-100,-102,-108,100.7,87,15729,-8974,"2016-11-17 11:39:19.702","speed 8 -2",8
20600,151.229074852509,-33.931347141286,9.89999961853027,-1.20000004768372,7.69999980926514,0.0,-98,-101,-99,-99,-92,-100,-102,-108,100.3,87,15729,-8974,"2016-11-17 11:39:19.801","speed 8 -2",8
20601,151.229083221676,-33.9313482456088,9.89999961853027,-1.20000004768372,7.59999990463257,-0.100000001490116,-98,-101,-99,-99,-92,-100,-102,-108,100.2,87,15729,-8974,"2016-11-17 11:39:19.902","speed 8 -2",8
20602,151.229091360721,-33.9313494113418,9.89999961853027,-1.20000004768372,7.40000009536743,-0.100000001490116,-98,-101,-99,-99,-92,-100,-102,-108,100.1,87,15729,-8974,"2016-11-17 11:39:20.001","speed 8 -2",8
20603,151.22909939756,-33.931350485371,9.89999961853027,-1.10000002384186,7.09999990463257,-0.100000001490116,-98,-101,-99,-99,-92,-100,-102,-108,100.0,87,15729,-8974,"2016-11-17 11:39:20.102","speed 8 -2",8
20604,151.229106940663,-33.931351541072,9.89999961853027,-1.10000002384186,6.80000019073486,-0.100000001490116,-95,-98,-100,-98,-98,-100,-102,-108,99.9,87,15729,-8974,"2016-11-17 11:39:20.200","speed 8 -2",8
20605,151.229114260319,-33.9313525660122,9.89999961853027,-1.10000002384186,6.5,-0.200000002980232,-95,-98,-100,-98,-98,-100,-102,-108,99.8,87,15729,-8974,"2016-11-17 11:39:20.301","speed 8 -2",8
20606,151.229121358092,-33.9313535582095,9.89999961853027,-1.0,6.30000019073486,-0.100000001490116,-95,-98,-100,-98,-98,-100,-102,-108,99.7,87,15729,-8974,"2016-11-17 11:39:20.402","speed 8 -2",8
20607,151.22912800749,-33.9313544994672,9.89999961853027,-1.0,5.90000009536743,-0.100000001490116,-95,-98,-100,-98,-98,-100,-102,-108,99.7,87,15729,-8974,"2016-11-17 11:39:20.507","speed 8 -2",8
20608,151.229133973794,-33.931355339278,9.89999961853027,-0.899999976158142,5.59999990463257,-0.100000001490116,-95,-98,-100,-98,-98,-100,-102,-108,99.9,87,15772,-8422,"2016-11-17 11:39:20.602","speed 8 -2",8
20609,151.229140171612,-33.9313562356088,9.89999961853027,-0.899999976158142,5.19999980926514,-0.100000001490116,-95,-98,-100,-98,-98,-100,-102,-108,100.0,87,15772,-8422,"2016-11-17 11:39:20.702","speed 8 -2",8
20610,151.229145302183,-33.9313569296567,9.89999961853027,-0.800000011920929,4.80000019073486,-0.100000001490116,-95,-98,-100,-98,-98,-100,-102,-108,100.2,87,15772,-8422,"2016-11-17 11:39:20.802","speed 8 -2",8
20611,151.229150340502,-33.9313577060588,9.89999961853027,-0.800000011920929,4.40000009536743,0.0,-95,-98,-100,-98,-98,-100,-102,-108,100.4,87,15772,-8422,"2016-11-17 11:39:20.903","speed 8 -2",8
20612,151.229154794254,-33.931358162221,9.89999961853027,-0.699999988079071,4.0,0.0,-95,-98,-100,-98,-98,-100,-102,-108,100.2,87,15772,-8422,"2016-11-17 11:39:21.003","speed 8 -2",8
20613,151.22915896734,-33.9313588297502,9.89999961853027,-0.699999988079071,3.59999990463257,0.0,-95,-98,-100,-98,-98,-100,-102,-108,100.0,87,15772,-8422,"2016-11-17 11:39:21.104","speed 8 -2",8
20614,151.229162066147,-33.9313592669053,9.89999961853027,-0.600000023841858,3.20000004768372,0.0,-100,-101,-99,-99,-98,-100,-102,-108,100.4,87,15772,-8422,"2016-11-17 11:39:21.204","speed 8 -2",8
20615,151.229165375052,-33.9313598049518,9.89999961853027,-0.5,2.79999995231628,0.0,-100,-101,-99,-99,-98,-100,-102,-108,100.5,87,15772,-8422,"2016-11-17 11:39:21.305","speed 8 -2",8
20616,151.229167792697,-33.9313598488589,9.80000019073486,-0.400000005960464,2.40000009536743,0.0,-100,-101,-99,-99,-98,-100,-102,-108,100.6,87,15772,-8422,"2016-11-17 11:39:21.404","speed 8 -2",8
20617,151.22917025126,-33.9313602551317,9.80000019073486,-0.400000005960464,2.0,0.100000001490116,-100,-101,-99,-99,-98,-100,-102,-108,100.6,87,15772,-8422,"2016-11-17 11:39:21.504","speed 8 -2",8
20618,151.229171447488,-33.9313603298928,9.89999961853027,-0.300000011920929,1.70000004768372,0.0,-100,-101,-99,-99,-98,-100,-102,-108,100.6,87,15878,-6821,"2016-11-17 11:39:21.605","speed 8 -2",8
20619,151.229173331961,-33.9313604568587,9.89999961853027,-0.300000011920929,1.29999995231628,0.0,-100,-101,-99,-99,-98,-100,-102,-108,100.5,87,15878,-6821,"2016-11-17 11:39:21.705","speed 8 -2",8
20620,151.229173806573,-33.9313603821073,9.89999961853027,-0.200000002980232,1.0,0.0,-100,-101,-99,-99,-98,-100,-102,-108,100.4,87,15878,-6821,"2016-11-17 11:39:21.806","speed 8 -2",8
20621,151.229174764086,-33.9313605582904,9.89999961853027,-0.100000001490116,0.699999988079071,0.0,-100,-101,-99,-99,-98,-100,-102,-108,100.3,87,15878,-6821,"2016-11-17 11:39:21.905","speed 8 -2",8
20622,151.229174586344,-33.9313602751332,10,-0.100000001490116,0.400000005960464,0.0,-100,-101,-99,-99,-98,-100,-102,-108,100.3,87,15878,-6821,"2016-11-17 11:39:22.005","speed 8 -2",8
20623,151.229174586344,-33.9313602751332,10,-0.100000001490116,0.400000005960464,0.0,-100,-101,-99,-99,-98,-100,-102,-108,100.3,87,15878,-6821,"2016-11-17 11:39:22.105","speed 8 -2",8
20624,151.229174134659,-33.931360270067,10,0.0,0.0,0.100000001490116,-100,-101,-101,-98,-100,-87,-101,-108,100.5,87,15878,-6821,"2016-11-17 11:39:22.205","speed 8 -2",8
20625,151.229174026592,-33.9313601416299,10,0.0,0.0,0.0,-100,-101,-101,-98,-100,-87,-101,-108,101.8,87,15878,-6821,"2016-11-17 11:39:22.306","speed 8 -2",8
20626,151.22917304764,-33.931360153701,10,0.0,-0.100000001490116,0.0,-100,-101,-101,-98,-100,-87,-101,-108,108.6,87,15878,-6821,"2016-11-17 11:39:22.406","speed 8 -2",8
20627,151.229172926342,-33.9313601413195,10,0.0,0.0,0.100000001490116,-100,-101,-101,-98,-100,-87,-101,-108,116.9,87,15878,-6821,"2016-11-17 11:39:22.507","speed 8 -2",8
20628,151.229171819817,-33.931360106958,10,0.0,0.0,0.100000001490116,-100,-101,-101,-98,-100,-87,-101,-108,125.0,87,15878,-6821,"2016-11-17 11:39:22.608","speed 8 -2",8
20629,151.229171765527,-33.9313601560292,10,0.0,0.0,0.0,-100,-101,-101,-98,-100,-87,-101,-108,133.5,87,15878,-6821,"2016-11-17 11:39:22.707","speed 8 -2",8
20630,151.22917120484,-33.9313602546462,10,-0.100000001490116,0.0,0.0,-100,-101,-101,-98,-100,-87,-101,-108,142.0,87,15878,-6821,"2016-11-17 11:39:22.808","speed 8 -2",8
20631,151.229170784917,-33.93136034425,10.1000003814697,-0.100000001490116,0.0,0.0,-100,-101,-101,-98,-100,-87,-101,-108,150.7,87,15878,-6821,"2016-11-17 11:39:22.907","speed 8 -2",8
20632,151.229170491828,-33.931360405164,10.1000003814697,-0.100000001490116,0.0,0.100000001490116,-100,-101,-101,-98,-100,-87,-101,-108,159.5,87,15878,-6821,"2016-11-17 11:39:23.008","speed 8 -2",8
20633,151.22917054893,-33.9313606110775,10.1000003814697,-0.200000002980232,0.0,0.100000001490116,-100,-101,-101,-98,-100,-87,-101,-108,168.5,87,15878,-6821,"2016-11-17 11:39:23.108","speed 8 -2",8
20634,151.229170100974,-33.931361004473,10.1000003814697,-0.300000011920929,0.0,0.0,-92,-101,-98,-90,-100,-98,-102,-108,177.4,87,15878,-6821,"2016-11-17 11:39:23.208","speed 8 -2",8
20635,151.229170180188,-33.931361293309,10.1000003814697,-0.300000011920929,0.0,0.0,-92,-101,-98,-90,-100,-98,-102,-108,-173.5,87,15878,-6821,"2016-11-17 11:39:23.308","speed 8 -2",8
20636,151.229170518337,-33.9313615852596,10.1000003814697,-0.300000011920929,0.100000001490116,0.0,-92,-101,-98,-90,-100,-98,-102,-108,-164.5,87,15878,-6821,"2016-11-17 11:39:23.409","speed 8 -2",8
20637,151.229170487853,-33.9313618528993,10.1000003814697,-0.300000011920929,0.0,0.0,-92,-101,-98,-90,-100,-98,-102,-108,-155.2,87,15878,-6821,"2016-11-17 11:39:23.508","speed 8 -2",8
20638,151.229170887067,-33.9313622291976,10.1999998092651,-0.300000011920929,0.0,0.0,-92,-101,-98,-90,-100,-98,-102,-108,-145.7,87,15775,-8203,"2016-11-17 11:39:23.608","speed 8 -2",8
20639,151.229170973663,-33.9313625205225,10.1999998092651,-0.300000011920929,0.0,0.0,-92,-101,-98,-90,-100,-98,-102,-108,-136.2,87,15775,-8203,"2016-11-17 11:39:23.709","speed 8 -2",8
20640,151.229171776412,-33.9313629766508,10.1999998092651,-0.300000011920929,0.0,0.0,-92,-101,-98,-90,-100,-98,-102,-108,-126.5,87,15775,-8203,"2016-11-17 11:39:23.809","speed 8 -2",8
20641,151.229171785514,-33.9313632297957,10.1999998092651,-0.200000002980232,0.0,0.0,-92,-101,-98,-90,-100,-98,-102,-108,-116.9,87,15775,-8203,"2016-11-17 11:39:23.910","speed 8 -2",8
20642,151.22917216276,-33.9313638498654,10.1999998092651,-0.200000002980232,0.0,0.0,-92,-101,-98,-90,-100,-98,-102,-108,-107.3,87,15775,-8203,"2016-11-17 11:39:24.009","speed 8 -2",8
20643,151.229172459223,-33.9313642178388,10.1999998092651,-0.100000001490116,-0.100000001490116,0.0,-92,-101,-98,-90,-100,-98,-102,-108,-98.5,87,15775,-8203,"2016-11-17 11:39:24.111","speed 8 -2",8
20644,151.229172831999,-33.9313647734645,10.1999998092651,-0.100000001490116,-0.100000001490116,0.0,-98,-101,-101,-100,-94,-100,-101,-108,-92.1,87,15775,-8203,"2016-11-17 11:39:24.211","speed 8 -2",8
20645,151.229172627896,-33.9313648250798,10.1999998092651,0.0,-0.200000002980232,0.0,-98,-101,-101,-100,-94,-100,-101,-108,-87.8,87,15775,-8203,"2016-11-17 11:39:24.311","speed 8 -2",8
20646,151.229172625084,-33.9313652571237,10.1999998092651,0.0,-0.200000002980232,0.0,-98,-101,-101,-100,-94,-100,-101,-108,-85.0,87,15775,-8203,"2016-11-17 11:39:24.413","speed 8 -2",8
20647,151.229172947387,-33.9313656764259,10.1999998092651,0.100000001490116,-0.200000002980232,0.0,-98,-101,-101,-100,-94,-100,-101,-108,-83.9,87,15775,-8203,"2016-11-17 11:39:24.510","speed 8 -2",8
20648,151.229172713035,-33.9313662314679,10.1999998092651,0.0,-0.300000011920929,0.0,-98,-101,-101,-100,-94,-100,-101,-108,-84.1,87,15662,-10036,"2016-11-17 11:39:24.611","speed 8 -2",8
20649,151.229172288916,-33.9313660808164,10.1000003814697,0.200000002980232,-0.400000005960464,0.100000001490116,-98,-101,-101,-100,-94,-100,-101,-108,-84.8,87,15662,-10036,"2016-11-17 11:39:24.711","speed 8 -2",8
20650,151.229172066552,-33.9313669047978,10.1000003814697,0.200000002980232,-0.5,0.100000001490116,-98,-101,-101,-100,-94,-100,-101,-108,-85.5,87,15662,-10036,"2016-11-17 11:39:24.811","speed 8 -2",8
20651,151.229171336702,-33.9313666330482,10.1000003814697,0.300000011920929,-0.699999988079071,0.0,-98,-101,-101,-100,-94,-100,-101,-108,-86.2,87,15662,-10036,"2016-11-17 11:39:24.917","speed 8 -2",8
20652,151.229170273046,-33.9313667465761,10.1000003814697,0.300000011920929,-0.899999976158142,0.0,-98,-101,-101,-100,-94,-100,-101,-108,-86.8,87,15662,-10036,"2016-11-17 11:39:25.011","speed 8 -2",8
20653,151.229169338512,-33.931367088657,10.1000003814697,0.400000005960464,-1.10000002384186,0.100000001490116,-98,-101,-101,-100,-94,-100,-101,-108,-87.4,87,15662,-10036,"2016-11-17 11:39:25.111","speed 8 -2",8
20654,151.2291678329,-33.9313671067634,10.1000003814697,0.400000005960464,-1.20000004768372,0.0,-100,-101,-96,-100,-101,-98,-102,-108,-87.8,87,15662,-10036,"2016-11-17 11:39:25.213","speed 8 -2",8
20655,151.229166309039,-33.9313666504741,10.1000003814697,0.5,-1.39999997615814,0.0,-100,-101,-96,-100,-101,-98,-102,-108,-88.3,87,15662,-10036,"2016-11-17 11:39:25.312","speed 8 -2",8
20656,151.229164489251,-33.9313671387303,10.1000003814697,0.5,-1.60000002384186,0.100000001490116,-100,-101,-96,-100,-101,-98,-102,-108,-88.7,87,15662,-10036,"2016-11-17 11:39:25.416","speed 8 -2",8
20657,151.229162562607,-33.9313665818526,10.1000003814697,0.600000023841858,-1.79999995231628,0.100000001490116,-100,-101,-96,-100,-101,-98,-102,-108,-89.2,87,15662,-10036,"2016-11-17 11:39:25.513","speed 8 -2",8
20658,151.229160097589,-33.9313663127057,10.1000003814697,0.600000023841858,-2.0,0.100000001490116,-100,-101,-96,-100,-101,-98,-102,-108,-89.4,87,15667,-10122,"2016-11-17 11:39:25.611","speed 8 -2",8
20659,151.2291578642,-33.9313663632905,10.1000003814697,0.699999988079071,-2.20000004768372,0.100000001490116,-100,-101,-96,-100,-101,-98,-102,-108,-89.4,87,15667,-10122,"2016-11-17 11:39:25.713","speed 8 -2",8
20660,151.229154877526,-33.9313659801426,10.1000003814697,0.699999988079071,-2.40000009536743,0.100000001490116,-100,-101,-96,-100,-101,-98,-102,-108,-89.5,87,15667,-10122,"2016-11-17 11:39:25.812","speed 8 -2",8
20661,151.229152095572,-33.9313652213996,10,0.800000011920929,-2.59999990463257,0.100000001490116,-100,-101,-96,-100,-101,-98,-102,-108,-89.5,87,15667,-10122,"2016-11-17 11:39:25.919","speed 8 -2",8
20662,151.229148770943,-33.9313651314347,10,0.899999976158142,-2.79999995231628,0.100000001490116,-100,-101,-96,-100,-101,-98,-102,-108,-89.4,87,15667,-10122,"2016-11-17 11:39:26.012","speed 8 -2",8
20663,151.229145557717,-33.931364263601,10,1.0,-3.0,0.100000001490116,-100,-101,-96,-100,-101,-98,-102,-108,-89.4,87,15667,-10122,"2016-11-17 11:39:26.113","speed 8 -2",8
20664,151.22914161508,-33.9313635870747,10,0.899999976158142,-3.20000004768372,0.100000001490116,-101,-101,-99,-98,-100,-101,-102,-108,-89.4,87,15667,-10122,"2016-11-17 11:39:26.213","speed 8 -2",8
20665,151.22913797891,-33.9313631130402,10,1.0,-3.40000009536743,0.100000001490116,-101,-101,-99,-98,-100,-101,-102,-108,-89.3,87,15667,-10122,"2016-11-17 11:39:26.313","speed 8 -2",8
20666,151.229133742962,-33.9313623079588,10,1.0,-3.59999990463257,0.0,-101,-101,-99,-98,-100,-101,-102,-108,-89.7,87,15667,-10122,"2016-11-17 11:39:26.419","speed 8 -2",8
20667,151.229129727754,-33.9313613075579,9.89999961853027,1.10000002384186,-3.70000004768372,0.0,-101,-101,-99,-98,-100,-101,-102,-108,-89.9,87,15667,-10122,"2016-11-17 11:39:26.518","speed 8 -2",8
20668,151.229125057614,-33.9313610025999,9.89999961853027,1.10000002384186,-3.90000009536743,0.0,-101,-101,-99,-98,-100,-101,-102,-108,-89.9,87,15665,-9578,"2016-11-17 11:39:26.617","speed 8 -2",8
20669,151.229120698823,-33.9313599635858,9.89999961853027,1.10000002384186,-4.0,0.0,-101,-101,-99,-98,-100,-101,-102,-108,-89.8,87,15665,-9578,"2016-11-17 11:39:26.719","speed 8 -2",8
20670,151.229115857188,-33.9313591475669,9.89999961853027,1.10000002384186,-4.19999980926514,0.0,-101,-101,-99,-98,-100,-101,-102,-108,-89.7,87,15665,-9578,"2016-11-17 11:39:26.819","speed 8 -2",8
20671,151.229111119423,-33.931358445522,9.89999961853027,1.20000004768372,-4.30000019073486,0.0,-101,-101,-99,-98,-100,-101,-102,-108,-89.7,87,15665,-9578,"2016-11-17 11:39:26.926","speed 8 -2",8
20672,151.229105875564,-33.9313575991897,9.89999961853027,1.20000004768372,-4.5,0.0,-101,-101,-99,-98,-100,-101,-102,-108,-89.7,87,15665,-9578,"2016-11-17 11:39:27.020","speed 8 -2",8
20673,151.229100824633,-33.9313564714742,9.89999961853027,1.20000004768372,-4.69999980926514,0.0,-101,-101,-99,-98,-100,-101,-102,-108,-89.7,87,15665,-9578,"2016-11-17 11:39:27.121","speed 8 -2",8
20674,151.229095117344,-33.9313559654547,10,1.20000004768372,-4.90000009536743,0.0,-98,-102,-98,-91,-101,-99,-101,-108,-89.7,87,15665,-9578,"2016-11-17 11:39:27.224","speed 8 -2",8
20675,151.229089674598,-33.9313547852885,10,1.29999995231628,-5.0,0.0,-98,-102,-98,-91,-101,-99,-101,-108,-89.7,87,15665,-9578,"2016-11-17 11:39:27.321","speed 8 -2",8
20676,151.229083667091,-33.9313537395817,10,1.29999995231628,-5.19999980926514,0.0,-98,-102,-98,-91,-101,-99,-101,-108,-89.6,87,15665,-9578,"2016-11-17 11:39:27.425","speed 8 -2",8
20677,151.229077817798,-33.9313524982501,10,1.39999997615814,-5.40000009536743,0.0,-98,-102,-98,-91,-101,-99,-101,-108,-89.5,87,15665,-9578,"2016-11-17 11:39:27.521","speed 8 -2",8
20678,151.229071466244,-33.9313516723811,10,1.39999997615814,-5.59999990463257,0.0,-98,-102,-98,-91,-101,-99,-101,-108,-89.5,87,15633,-10167,"2016-11-17 11:39:27.621","speed 8 -2",8
20679,151.229065220417,-33.9313503355164,9.89999961853027,1.5,-5.80000019073486,0.0,-98,-102,-98,-91,-101,-99,-101,-108,-89.4,87,15633,-10167,"2016-11-17 11:39:27.721","speed 8 -2",8
20680,151.229065220417,-33.9313503355164,9.89999961853027,1.5,-5.80000019073486,0.0,-98,-102,-98,-91,-101,-99,-101,-108,-89.4,87,15633,-10167,"2016-11-17 11:39:27.821","speed 8 -2",8
20681,151.229051782334,-33.9313479162903,9.89999961853027,1.60000002384186,-6.19999980926514,0.0,-98,-102,-98,-91,-101,-99,-101,-108,-89.1,87,15633,-10167,"2016-11-17 11:39:27.924","speed 8 -2",8
20682,151.229044528041,-33.9313466272593,9.89999961853027,1.60000002384186,-6.40000009536743,0.0,-98,-102,-98,-91,-101,-99,-101,-108,-89.0,87,15633,-10167,"2016-11-17 11:39:28.021","speed 8 -2",8
20683,151.229037375824,-33.9313451337877,9.89999961853027,1.60000002384186,-6.59999990463257,-0.100000001490116,-98,-102,-98,-91,-101,-99,-101,-108,-88.9,87,15633,-10167,"2016-11-17 11:39:28.122","speed 8 -2",8
20684,151.229029828756,-33.9313438872415,9.89999961853027,1.60000002384186,-6.80000019073486,0.0,-98,-101,-101,-98,-97,-100,-101,-108,-88.9,87,15633,-10167,"2016-11-17 11:39:28.221","speed 8 -2",8
20685,151.229022214292,-33.9313423389226,9.89999961853027,1.70000004768372,-7.09999990463257,0.0,-98,-101,-101,-98,-97,-100,-101,-108,-89.0,87,15633,-10167,"2016-11-17 11:39:28.322","speed 8 -2",8
20686,151.229014032894,-33.9313407000382,9.89999961853027,1.70000004768372,-7.30000019073486,0.0,-98,-101,-101,-98,-97,-100,-101,-108,-89.0,87,15633,-10167,"2016-11-17 11:39:28.430","speed 8 -2",8
20687,151.229006044296,-33.9313392897275,9.89999961853027,1.70000004768372,-7.5,0.0,-98,-101,-101,-98,-97,-100,-101,-108,-89.0,87,15633,-10167,"2016-11-17 11:39:28.522","speed 8 -2",8
20688,151.228997395963,-33.9313375634367,9.89999961853027,1.79999995231628,-7.69999980926514,0.0,-98,-101,-101,-98,-97,-100,-101,-108,-88.6,87,15599,-10845,"2016-11-17 11:39:28.622","speed 8 -2",8
20689,151.228988882208,-33.9313358947947,9.89999961853027,1.79999995231628,-7.90000009536743,0.0,-98,-101,-101,-98,-97,-100,-101,-108,-88.4,87,15599,-10845,"2016-11-17 11:39:28.724","speed 8 -2",8
20690,151.228979992427,-33.931334233549,9.89999961853027,1.79999995231628,-8.0,0.0,-98,-101,-101,-98,-97,-100,-101,-108,-88.0,87,15599,-10845,"2016-11-17 11:39:28.823","speed 8 -2",8
20691,151.228971196997,-33.9313325138637,9.89999961853027,1.89999997615814,-8.10000038146973,-0.100000001490116,-98,-101,-101,-98,-97,-100,-101,-108,-87.9,87,15599,-10845,"2016-11-17 11:39:28.940","speed 8 -2",8
20692,151.228961861606,-33.9313306875182,9.89999961853027,1.89999997615814,-8.10000038146973,0.0,-98,-101,-101,-98,-97,-100,-101,-108,-87.5,87,15599,-10845,"2016-11-17 11:39:29.024","speed 8 -2",8
20693,151.228953004912,-33.9313289738101,9.89999961853027,1.89999997615814,-8.10000038146973,-0.100000001490116,-98,-101,-101,-98,-97,-100,-101,-108,-87.2,87,15599,-10845,"2016-11-17 11:39:29.123","speed 8 -2",8
20694,151.228943890282,-33.9313271288604,9.80000019073486,1.79999995231628,-8.10000038146973,-0.100000001490116,-98,-102,-100,-95,-100,-100,-102,-108,-87.1,87,15599,-10845,"2016-11-17 11:39:29.224","speed 8 -2",8
20695,151.228935027874,-33.9313254569293,9.80000019073486,1.79999995231628,-8.10000038146973,-0.100000001490116,-98,-102,-100,-95,-100,-100,-102,-108,-87.0,87,15599,-10845,"2016-11-17 11:39:29.326","speed 8 -2",8
20696,151.228925627293,-33.9313237529371,9.89999961853027,1.70000004768372,-8.10000038146973,-0.200000002980232,-98,-102,-100,-95,-100,-100,-102,-108,-87.3,87,15599,-10845,"2016-11-17 11:39:29.423","speed 8 -2",8
20697,151.228916817198,-33.9313221575571,9.89999961853027,1.70000004768372,-8.0,-0.200000002980232,-98,-102,-100,-95,-100,-100,-102,-108,-87.6,87,15599,-10845,"2016-11-17 11:39:29.524","speed 8 -2",8
20698,151.228907922972,-33.9313206497134,9.89999961853027,1.70000004768372,-8.0,-0.200000002980232,-98,-102,-100,-95,-100,-100,-102,-108,-87.7,87,15613,-10314,"2016-11-17 11:39:29.623","speed 8 -2",8
20699,151.22889891309,-33.9313191169579,9.89999961853027,1.60000002384186,-8.0,-0.100000001490116,-98,-102,-100,-95,-100,-100,-102,-108,-87.9,87,15613,-10314,"2016-11-17 11:39:29.724","speed 8 -2",8
20700,151.228889977666,-33.9313178494006,9.89999961853027,1.60000002384186,-8.0,-0.100000001490116,-98,-102,-100,-95,-100,-100,-102,-108,-87.9,87,15613,-10314,"2016-11-17 11:39:29.824","speed 8 -2",8
20701,151.228881298502,-33.9313164044464,9.89999961853027,1.5,-7.90000009536743,-0.100000001490116,-98,-102,-100,-95,-100,-100,-102,-108,-88.0,87,15613,-10314,"2016-11-17 11:39:29.925","speed 8 -2",8
20702,151.228872318107,-33.9313154246303,9.89999961853027,1.5,-7.90000009536743,-0.100000001490116,-98,-102,-100,-95,-100,-100,-102,-108,-88.0,87,15613,-10314,"2016-11-17 11:39:30.024","speed 8 -2",8
20703,151.228863691364,-33.9313140511532,9.89999961853027,1.5,-7.90000009536743,-0.100000001490116,-98,-102,-100,-95,-100,-100,-102,-108,-87.9,87,15613,-10314,"2016-11-17 11:39:30.124","speed 8 -2",8
20704,151.228855116652,-33.9313130149702,9.89999961853027,1.39999997615814,-7.90000009536743,-0.100000001490116,-94,-101,-102,-100,-101,-100,-102,-108,-87.9,87,15613,-10314,"2016-11-17 11:39:30.224","speed 8 -2",8
20705,151.228846337898,-33.9313118958907,9.89999961853027,1.39999997615814,-7.80000019073486,0.0,-94,-101,-102,-100,-101,-100,-102,-108,-87.9,87,15613,-10314,"2016-11-17 11:39:30.324","speed 8 -2",8
20706,151.228837829979,-33.931310913824,9.89999961853027,1.39999997615814,-7.80000019073486,0.0,-94,-101,-102,-100,-101,-100,-102,-108,-88.0,87,15613,-10314,"2016-11-17 11:39:30.424","speed 8 -2",8
20707,151.228829255171,-33.9313096194236,9.89999961853027,1.39999997615814,-7.80000019073486,0.0,-94,-101,-102,-100,-101,-100,-102,-108,-88.0,87,15613,-10314,"2016-11-17 11:39:30.524","speed 8 -2",8
20708,151.228820828412,-33.9313087029658,9.89999961853027,1.29999995231628,-7.80000019073486,0.0,-94,-101,-102,-100,-101,-100,-102,-108,-87.9,87,15620,-10345,"2016-11-17 11:39:30.624","speed 8 -2",8
20709,151.228812163656,-33.9313077671336,9.89999961853027,1.29999995231628,-7.80000019073486,0.0,-94,-101,-102,-100,-101,-100,-102,-108,-87.6,87,15620,-10345,"2016-11-17 11:39:30.724","speed 8 -2",8
20710,151.228803577849,-33.9313068219934,9.89999961853027,1.29999995231628,-7.90000009536743,0.0,-94,-101,-102,-100,-101,-100,-102,-108,-87.6,87,15620,-10345,"2016-11-17 11:39:30.824","speed 8 -2",8
20711,151.228794985054,-33.9313055589943,10,1.39999997615814,-7.90000009536743,0.0,-94,-101,-102,-100,-101,-100,-102,-108,-87.5,87,15620,-10345,"2016-11-17 11:39:30.925","speed 8 -2",8
20712,151.228786539163,-33.9313049379883,10,1.39999997615814,-7.90000009536743,0.0,-94,-101,-102,-100,-101,-100,-102,-108,-87.5,87,15620,-10345,"2016-11-17 11:39:31.026","speed 8 -2",8
20713,151.228777938924,-33.9313036385063,10,1.39999997615814,-7.90000009536743,0.0,-94,-101,-102,-100,-101,-100,-102,-108,-87.6,87,15620,-10345,"2016-11-17 11:39:31.125","speed 8 -2",8
20714,151.228769474395,-33.9313025519351,10,1.39999997615814,-7.90000009536743,0.0,-101,-101,-97,-92,-101,-98,-101,-108,-87.9,87,15620,-10345,"2016-11-17 11:39:31.225","speed 8 -2",8
20715,151.228760917984,-33.931301571792,10,1.39999997615814,-7.90000009536743,0.100000001490116,-101,-101,-97,-92,-101,-98,-101,-108,-88.1,87,15620,-10345,"2016-11-17 11:39:31.325","speed 8 -2",8
20716,151.228752317739,-33.9313005403684,10.1000003814697,1.29999995231628,-7.90000009536743,0.0,-101,-101,-97,-92,-101,-98,-101,-108,-88.1,87,15620,-10345,"2016-11-17 11:39:31.425","speed 8 -2",8
20717,151.228743665142,-33.9312992616422,10.1000003814697,1.39999997615814,-7.90000009536743,0.0,-101,-101,-97,-92,-101,-98,-101,-108,-88.0,87,15620,-10345,"2016-11-17 11:39:31.525","speed 8 -2",8
20718,151.228735119892,-33.9312984423589,10.1000003814697,1.39999997615814,-7.90000009536743,0.100000001490116,-101,-101,-97,-92,-101,-98,-101,-108,-88.0,87,15704,-8700,"2016-11-17 11:39:31.625","speed 8 -2",8
20719,151.228726440892,-33.9312970921923,10.1000003814697,1.5,-7.90000009536743,0.100000001490116,-101,-101,-97,-92,-101,-98,-101,-108,-88.0,87,15704,-8700,"2016-11-17 11:39:31.725","speed 8 -2",8
20720,151.228717890674,-33.9312958927109,10.1000003814697,1.5,-7.90000009536743,0.0,-101,-101,-97,-92,-101,-98,-101,-108,-87.9,87,15704,-8700,"2016-11-17 11:39:31.825","speed 8 -2",8
20721,151.228709242923,-33.9312947056988,10.1000003814697,1.5,-7.90000009536743,0.0,-101,-101,-97,-92,-101,-98,-101,-108,-88.0,87,15704,-8700,"2016-11-17 11:39:31.932","speed 8 -2",8
20722,151.228700542538,-33.9312935578612,10.1000003814697,1.5,-7.90000009536743,0.0,-101,-101,-97,-92,-101,-98,-101,-108,-88.1,87,15704,-8700,"2016-11-17 11:39:32.026","speed 8 -2",8
20723,151.228691851568,-33.9312921847462,10.1000003814697,1.5,-7.90000009536743,0.0,-101,-101,-97,-92,-101,-98,-101,-108,-88.1,87,15704,-8700,"2016-11-17 11:39:32.126","speed 8 -2",8
20724,151.228683212743,-33.9312911844431,10.1000003814697,1.39999997615814,-8.0,0.100000001490116,-100,-102,-96,-100,-97,-99,-102,-108,-88.1,87,15704,-8700,"2016-11-17 11:39:32.226","speed 8 -2",8
20725,151.22867451429,-33.9312898793913,10.1000003814697,1.39999997615814,-8.0,0.100000001490116,-100,-102,-96,-100,-97,-99,-102,-108,-87.7,87,15704,-8700,"2016-11-17 11:39:32.326","speed 8 -2",8
20726,151.228665885026,-33.9312887163915,10.1000003814697,1.39999997615814,-8.0,0.100000001490116,-100,-102,-96,-100,-97,-99,-102,-108,-87.4,87,15704,-8700,"2016-11-17 11:39:32.426","speed 8 -2",8
20727,151.228657185719,-33.9312876321903,10.1000003814697,1.39999997615814,-7.90000009536743,0.100000001490116,-100,-102,-96,-100,-97,-99,-102,-108,-87.1,87,15704,-8700,"2016-11-17 11:39:32.526","speed 8 -2",8
20728,151.228648528169,-33.9312865959734,10.1000003814697,1.39999997615814,-7.90000009536743,0.0,-100,-102,-96,-100,-97,-99,-102,-108,-87.0,86,15633,-10179,"2016-11-17 11:39:32.627","speed 8 -2",8
20729,151.228639890667,-33.9312852582667,10.1000003814697,1.5,-7.90000009536743,0.0,-100,-102,-96,-100,-97,-99,-102,-108,-87.0,86,15633,-10179,"2016-11-17 11:39:32.728","speed 8 -2",8
20730,151.228631356368,-33.9312842056255,10.1000003814697,1.39999997615814,-7.90000009536743,0.0,-100,-102,-96,-100,-97,-99,-102,-108,-87.0,86,15633,-10179,"2016-11-17 11:39:32.828","speed 8 -2",8
20731,151.228622760909,-33.9312828451083,10.1000003814697,1.5,-7.80000019073486,0.0,-100,-102,-96,-100,-97,-99,-102,-108,-87.0,86,15633,-10179,"2016-11-17 11:39:32.931","speed 8 -2",8
20732,151.228622760909,-33.9312828451083,10.1000003814697,1.5,-7.80000019073486,0.0,-100,-102,-96,-100,-97,-99,-102,-108,-87.0,86,15633,-10179,"2016-11-17 11:39:33.029","speed 8 -2",8
20733,151.228605639595,-33.9312805291916,10,1.5,-7.80000019073486,0.0,-100,-102,-96,-100,-97,-99,-102,-108,-87.2,86,15633,-10179,"2016-11-17 11:39:33.129","speed 8 -2",8
20734,151.228597146165,-33.9312794087553,10,1.39999997615814,-7.80000019073486,0.0,-97,-95,-100,-97,-101,-98,-102,-108,-87.3,86,15633,-10179,"2016-11-17 11:39:33.229","speed 8 -2",8
20735,151.228588570555,-33.9312780537792,10,1.5,-7.80000019073486,0.0,-97,-95,-100,-97,-101,-98,-102,-108,-87.4,86,15633,-10179,"2016-11-17 11:39:33.330","speed 8 -2",8
20736,151.22858006044,-33.9312771039401,10,1.39999997615814,-7.90000009536743,0.0,-97,-95,-100,-97,-101,-98,-102,-108,-87.6,86,15633,-10179,"2016-11-17 11:39:33.430","speed 8 -2",8
20737,151.228571470564,-33.9312757360776,10.1000003814697,1.5,-7.90000009536743,0.0,-97,-95,-100,-97,-101,-98,-102,-108,-87.7,86,15633,-10179,"2016-11-17 11:39:33.531","speed 8 -2",8
20738,151.228563133331,-33.9312744450642,10.1000003814697,1.5,-7.90000009536743,0.0,-97,-95,-100,-97,-101,-98,-102,-108,-87.8,86,15663,-9765,"2016-11-17 11:39:33.631","speed 8 -2",8
20739,151.22855452957,-33.9312730605127,10.1000003814697,1.5,-7.90000009536743,0.0,-97,-95,-100,-97,-101,-98,-102,-108,-87.7,86,15663,-9765,"2016-11-17 11:39:33.730","speed 8 -2",8
20740,151.228545975713,-33.9312719211252,10.1000003814697,1.5,-7.90000009536743,0.0,-97,-95,-100,-97,-101,-98,-102,-108,-87.6,86,15663,-9765,"2016-11-17 11:39:33.831","speed 8 -2",8
20741,151.22853733407,-33.9312704933489,10.1000003814697,1.60000002384186,-7.90000009536743,0.0,-97,-95,-100,-97,-101,-98,-102,-108,-87.6,86,15663,-9765,"2016-11-17 11:39:33.942","speed 8 -2",8
20742,151.228528829232,-33.9312691812463,10.1000003814697,1.60000002384186,-7.90000009536743,0.0,-97,-95,-100,-97,-101,-98,-102,-108,-87.6,86,15663,-9765,"2016-11-17 11:39:34.032","speed 8 -2",8
20743,151.228520222388,-33.9312678935472,10.1000003814697,1.60000002384186,-7.90000009536743,0.0,-97,-95,-100,-97,-101,-98,-102,-108,-87.6,86,15663,-9765,"2016-11-17 11:39:34.132","speed 8 -2",8
20744,151.228511642978,-33.9312665166199,10.1999998092651,1.60000002384186,-7.90000009536743,0.0,-101,-101,-101,-99,-87,-101,-102,-108,-87.6,86,15663,-9765,"2016-11-17 11:39:34.236","speed 8 -2",8
20745,151.228502971575,-33.9312650409748,10.1000003814697,1.60000002384186,-7.90000009536743,0.100000001490116,-101,-101,-101,-99,-87,-101,-102,-108,-87.6,86,15663,-9765,"2016-11-17 11:39:34.336","speed 8 -2",8
20746,151.228485743288,-33.9312622932164,10.1999998092651,1.60000002384186,-7.90000009536743,0.0,-101,-101,-101,-99,-87,-101,-102,-108,-87.9,86,15663,-9765,"2016-11-17 11:39:34.446","speed 8 -2",8
20747,151.228477193841,-33.9312609685806,10.1999998092651,1.60000002384186,-7.90000009536743,0.100000001490116,-101,-101,-101,-99,-87,-101,-102,-108,-88.0,86,15674,-9405,"2016-11-17 11:39:34.542","speed 8 -2",8
20748,151.228468583223,-33.9312596513715,10.1999998092651,1.5,-7.90000009536743,0.100000001490116,-101,-101,-101,-99,-87,-101,-102,-108,-88.1,86,15674,-9405,"2016-11-17 11:39:34.653","speed 8 -2",8
20749,151.228459941382,-33.9312583051507,10.1999998092651,1.5,-7.90000009536743,0.100000001490116,-101,-101,-101,-99,-87,-101,-102,-108,-88.1,86,15674,-9405,"2016-11-17 11:39:34.743","speed 8 -2",8
20750,151.228451283383,-33.9312569002182,10.1999998092651,1.5,-7.90000009536743,0.0,-101,-101,-101,-99,-87,-101,-102,-108,-88.1,86,15674,-9405,"2016-11-17 11:39:34.849","speed 8 -2",8
20751,151.228442747324,-33.9312556644366,10.1999998092651,1.5,-7.90000009536743,0.100000001490116,-101,-101,-101,-99,-87,-101,-102,-108,-88.2,86,15674,-9405,"2016-11-17 11:39:34.945","speed 8 -2",8
20752,151.228434077044,-33.9312542783245,10.1999998092651,1.5,-7.90000009536743,0.100000001490116,-101,-101,-101,-99,-87,-101,-102,-108,-88.2,86,15674,-9405,"2016-11-17 11:39:35.043","speed 8 -2",8
20753,151.22842550568,-33.9312530206689,10.1999998092651,1.5,-7.90000009536743,0.100000001490116,-100,-102,-99,-92,-100,-97,-101,-108,-88.2,86,15674,-9405,"2016-11-17 11:39:35.148","speed 8 -2",8
20754,151.228416870048,-33.9312517215163,10.1999998092651,1.5,-7.90000009536743,0.100000001490116,-100,-102,-99,-92,-100,-97,-101,-108,-88.2,86,15674,-9405,"2016-11-17 11:39:35.244","speed 8 -2",8
20755,151.228408314173,-33.9312504234168,10.1999998092651,1.39999997615814,-7.90000009536743,0.0,-100,-102,-99,-92,-100,-97,-101,-108,-88.3,86,15674,-9405,"2016-11-17 11:39:35.352","speed 8 -2",8
20756,151.228399669232,-33.9312490673519,10.1999998092651,1.5,-7.90000009536743,0.100000001490116,-100,-102,-99,-92,-100,-97,-101,-108,-88.2,86,15674,-9405,"2016-11-17 11:39:35.450","speed 8 -2",8
20757,151.228391169994,-33.9312479076871,10.1999998092651,1.5,-7.90000009536743,0.100000001490116,-100,-102,-99,-92,-100,-97,-101,-108,-88.3,86,15674,-9405,"2016-11-17 11:39:35.549","speed 8 -2",8
20758,151.228382541413,-33.9312465510219,10.1999998092651,1.5,-7.90000009536743,0.100000001490116,-100,-102,-99,-92,-100,-97,-101,-108,-88.4,86,15674,-9405,"2016-11-17 11:39:35.650","speed 8 -2",8
20759,151.228374038939,-33.9312452633075,10.1999998092651,1.5,-7.90000009536743,0.100000001490116,-100,-102,-99,-92,-100,-97,-101,-108,-88.5,86,15674,-9405,"2016-11-17 11:39:35.749","speed 8 -2",8
20760,151.228365434022,-33.9312439850889,10.1999998092651,1.5,-7.90000009536743,0.100000001490116,-100,-102,-99,-92,-100,-97,-101,-108,-88.7,86,15674,-9405,"2016-11-17 11:39:35.848","speed 8 -2",8
20761,151.228356864552,-33.9312426609228,10.1999998092651,1.5,-7.90000009536743,0.100000001490116,-100,-102,-99,-92,-100,-97,-101,-108,-88.9,86,15674,-9405,"2016-11-17 11:39:35.953","speed 8 -2",8
20762,151.228348212535,-33.931241293622,10.1999998092651,1.5,-7.90000009536743,0.100000001490116,-100,-102,-99,-92,-100,-97,-101,-108,-89.0,86,15674,-9405,"2016-11-17 11:39:36.049","speed 8 -2",8
20763,151.228348212535,-33.931241293622,10.1999998092651,1.5,-7.90000009536743,0.100000001490116,-96,-85,-93,-99,-96,-100,-102,-108,-89.0,86,15674,-9405,"2016-11-17 11:39:36.150","speed 8 -2",8
20764,151.22833102937,-33.9312388896182,10.1999998092651,1.39999997615814,-8.0,0.100000001490116,-96,-85,-93,-99,-96,-100,-102,-108,-89.1,86,15674,-9405,"2016-11-17 11:39:36.251","speed 8 -2",8
20765,151.228322580825,-33.9312376153453,10.1999998092651,1.39999997615814,-7.90000009536743,0.100000001490116,-96,-85,-93,-99,-96,-100,-102,-108,-89.2,86,15674,-9405,"2016-11-17 11:39:36.351","speed 8 -2",8
20766,151.228313961365,-33.9312364064218,10.1999998092651,1.39999997615814,-8.0,0.100000001490116,-96,-85,-93,-99,-96,-100,-102,-108,-89.1,86,15674,-9405,"2016-11-17 11:39:36.450","speed 8 -2",8
20767,151.228305322786,-33.9312352412508,10.1999998092651,1.39999997615814,-8.0,0.100000001490116,-96,-85,-93,-99,-96,-100,-102,-108,-89.1,86,15674,-9394,"2016-11-17 11:39:36.551","speed 8 -2",8
20768,151.228296621377,-33.931233947814,10.1999998092651,1.39999997615814,-8.0,0.100000001490116,-96,-85,-93,-99,-96,-100,-102,-108,-89.1,86,15674,-9394,"2016-11-17 11:39:36.653","speed 8 -2",8
20769,151.228288044739,-33.9312327628295,10.1999998092651,1.39999997615814,-7.90000009536743,0.200000002980232,-96,-85,-93,-99,-96,-100,-102,-108,-89.1,86,15674,-9394,"2016-11-17 11:39:36.752","speed 8 -2",8
20770,151.228279431268,-33.9312315883383,10.1999998092651,1.39999997615814,-8.0,0.100000001490116,-96,-85,-93,-99,-96,-100,-102,-108,-89.2,86,15674,-9394,"2016-11-17 11:39:36.862","speed 8 -2",8
20771,151.228270880685,-33.9312303563388,10.3000001907349,1.39999997615814,-7.90000009536743,0.100000001490116,-96,-85,-93,-99,-96,-100,-102,-108,-89.3,86,15674,-9394,"2016-11-17 11:39:36.952","speed 8 -2",8
20772,151.228262199347,-33.9312290667719,10.1999998092651,1.39999997615814,-7.90000009536743,0.200000002980232,-96,-85,-93,-99,-96,-100,-102,-108,-89.3,86,15674,-9394,"2016-11-17 11:39:37.055","speed 8 -2",8
20773,151.228253635662,-33.9312279785633,10.1999998092651,1.39999997615814,-7.90000009536743,0.100000001490116,-100,-102,-97,-86,-91,-101,-102,-108,-89.2,86,15674,-9394,"2016-11-17 11:39:37.153","speed 8 -2",8
20774,151.228244979345,-33.9312266813461,10.1999998092651,1.39999997615814,-7.90000009536743,0.100000001490116,-100,-102,-97,-86,-91,-101,-102,-108,-89.0,86,15674,-9394,"2016-11-17 11:39:37.254","speed 8 -2",8
20775,151.228236305754,-33.9312254940645,10.1999998092651,1.39999997615814,-7.90000009536743,0.100000001490116,-100,-102,-97,-86,-91,-101,-102,-108,-88.9,86,15674,-9394,"2016-11-17 11:39:37.357","speed 8 -2",8
20776,151.228227675176,-33.9312242771372,10.1999998092651,1.39999997615814,-7.90000009536743,0.100000001490116,-100,-102,-97,-86,-91,-101,-102,-108,-88.8,86,15674,-9394,"2016-11-17 11:39:37.455","speed 8 -2",8
20777,151.228227675176,-33.9312242771372,10.1999998092651,1.39999997615814,-7.90000009536743,0.100000001490116,-100,-102,-97,-86,-91,-101,-102,-108,-88.8,86,15650,-9673,"2016-11-17 11:39:37.554","speed 8 -2",8
20778,151.22821068524,-33.9312217373662,10.1999998092651,1.39999997615814,-7.80000019073486,0.100000001490116,-100,-102,-97,-86,-91,-101,-102,-108,-88.6,86,15650,-9673,"2016-11-17 11:39:37.655","speed 8 -2",8
20779,151.228202231474,-33.9312205171445,10.1999998092651,1.5,-7.80000019073486,0.100000001490116,-100,-102,-97,-86,-91,-101,-102,-108,-88.6,86,15650,-9673,"2016-11-17 11:39:37.762","speed 8 -2",8
20780,151.22819368879,-33.9312191501267,10.1000003814697,1.5,-7.80000019073486,0.100000001490116,-100,-102,-97,-86,-91,-101,-102,-108,-88.5,86,15650,-9673,"2016-11-17 11:39:37.855","speed 8 -2",8
20781,151.228185353506,-33.9312178404416,10.1000003814697,1.5,-7.80000019073486,0.100000001490116,-100,-102,-97,-86,-91,-101,-102,-108,-88.6,86,15650,-9673,"2016-11-17 11:39:37.955","speed 8 -2",8
20782,151.22817681772,-33.9312165568738,10.1000003814697,1.5,-7.80000019073486,0.100000001490116,-100,-102,-97,-86,-91,-101,-102,-108,-88.6,86,15650,-9673,"2016-11-17 11:39:38.055","speed 8 -2",8
20783,151.228168369143,-33.9312151941377,10.1000003814697,1.5,-7.80000019073486,0.100000001490116,-100,-102,-100,-99,-98,-101,-102,-108,-88.7,86,15650,-9673,"2016-11-17 11:39:38.155","speed 8 -2",8
20784,151.22815978944,-33.9312138041207,10.1000003814697,1.5,-7.90000009536743,0.100000001490116,-100,-102,-100,-99,-98,-101,-102,-108,-88.8,86,15650,-9673,"2016-11-17 11:39:38.255","speed 8 -2",8
20785,151.228151310837,-33.9312125982352,10.1000003814697,1.5,-7.90000009536743,0.100000001490116,-100,-102,-100,-99,-98,-101,-102,-108,-88.7,86,15650,-9673,"2016-11-17 11:39:38.356","speed 8 -2",8
20786,151.22814272067,-33.9312112188187,10.1000003814697,1.5,-7.90000009536743,0.100000001490116,-100,-102,-100,-99,-98,-101,-102,-108,-88.6,86,15650,-9673,"2016-11-17 11:39:38.457","speed 8 -2",8
20787,151.228134314248,-33.9312098474756,10.1000003814697,1.5,-7.80000019073486,0.0,-100,-102,-100,-99,-98,-101,-102,-108,-88.5,86,15616,-10235,"2016-11-17 11:39:38.556","speed 8 -2",8
20788,151.228125802115,-33.9312085541811,10.1000003814697,1.5,-7.80000019073486,0.0,-100,-102,-100,-99,-98,-101,-102,-108,-88.4,86,15616,-10235,"2016-11-17 11:39:38.662","speed 8 -2",8
20789,151.228117351746,-33.9312072340382,10.1000003814697,1.39999997615814,-7.80000019073486,0.0,-100,-102,-100,-99,-98,-101,-102,-108,-88.2,86,15616,-10235,"2016-11-17 11:39:38.756","speed 8 -2",8
20790,151.228108795758,-33.9312058872025,10.1000003814697,1.39999997615814,-7.80000019073486,0.0,-100,-102,-100,-99,-98,-101,-102,-108,-88.0,86,15616,-10235,"2016-11-17 11:39:38.861","speed 8 -2",8
20791,151.228100441887,-33.9312046264702,10.1000003814697,1.39999997615814,-7.80000019073486,0.0,-100,-102,-100,-99,-98,-101,-102,-108,-87.9,86,15616,-10235,"2016-11-17 11:39:38.957","speed 8 -2",8
20792,151.228091901031,-33.9312032845762,10.1000003814697,1.39999997615814,-7.80000019073486,0.0,-100,-102,-100,-99,-98,-101,-102,-108,-87.9,86,15616,-10235,"2016-11-17 11:39:39.056","speed 8 -2",8
20793,151.228083370108,-33.9312020273167,10.1000003814697,1.39999997615814,-7.80000019073486,0.0,-93,-102,-99,-100,-100,-100,-102,-108,-87.9,86,15616,-10235,"2016-11-17 11:39:39.156","speed 8 -2",8
20794,151.228074850627,-33.9312007513267,10.1000003814697,1.39999997615814,-7.80000019073486,0.0,-93,-102,-99,-100,-100,-100,-102,-108,-88.0,86,15616,-10235,"2016-11-17 11:39:39.255","speed 8 -2",8
20795,151.228066412232,-33.9311994826828,10.1000003814697,1.39999997615814,-7.80000019073486,0.0,-93,-102,-99,-100,-100,-100,-102,-108,-88.0,86,15616,-10235,"2016-11-17 11:39:39.355","speed 8 -2",8
20796,151.228057882585,-33.9311981604469,10.1000003814697,1.39999997615814,-7.80000019073486,0.0,-93,-102,-99,-100,-100,-100,-102,-108,-88.1,86,15616,-10235,"2016-11-17 11:39:39.468","speed 8 -2",8
20797,151.228049554989,-33.9311969746417,10.1000003814697,1.39999997615814,-7.80000019073486,0.0,-93,-102,-99,-100,-100,-100,-102,-108,-88.2,86,15600,-10243,"2016-11-17 11:39:39.556","speed 8 -2",8
20798,151.228041043314,-33.9311956846815,10.1000003814697,1.39999997615814,-7.80000019073486,0.0,-93,-102,-99,-100,-100,-100,-102,-108,-88.2,86,15600,-10243,"2016-11-17 11:39:39.656","speed 8 -2",8
20799,151.228032589193,-33.9311944974721,10.1000003814697,1.39999997615814,-7.80000019073486,0.0,-93,-102,-99,-100,-100,-100,-102,-108,-88.3,86,15600,-10243,"2016-11-17 11:39:39.756","speed 8 -2",8
20800,151.228024083622,-33.9311932242769,10.1000003814697,1.39999997615814,-7.80000019073486,0.0,-93,-102,-99,-100,-100,-100,-102,-108,-88.0,86,15600,-10243,"2016-11-17 11:39:39.857","speed 8 -2",8
20801,151.22801565472,-33.9311922171329,10.1000003814697,1.29999995231628,-7.69999980926514,0.0,-93,-102,-99,-100,-100,-100,-102,-108,-87.9,86,15600,-10243,"2016-11-17 11:39:39.962","speed 8 -2",8
20802,151.228007187156,-33.9311909644018,10,1.29999995231628,-7.69999980926514,0.0,-93,-102,-99,-100,-100,-100,-102,-108,-87.7,86,15600,-10243,"2016-11-17 11:39:40.058","speed 8 -2",8
20803,151.227998830352,-33.931189815717,10.1000003814697,1.29999995231628,-7.69999980926514,0.0,-100,-101,-98,-100,-96,-100,-102,-108,-87.8,86,15600,-10243,"2016-11-17 11:39:40.158","speed 8 -2",8
20804,151.227990375164,-33.9311886690897,10.1000003814697,1.39999997615814,-7.80000019073486,0.0,-100,-101,-98,-100,-96,-100,-102,-108,-88.1,86,15600,-10243,"2016-11-17 11:39:40.257","speed 8 -2",8
20805,151.227982075151,-33.9311874769169,10.1000003814697,1.39999997615814,-7.80000019073486,0.0,-100,-101,-98,-100,-96,-100,-102,-108,-88.3,86,15600,-10243,"2016-11-17 11:39:40.357","speed 8 -2",8
20806,151.227973566801,-33.9311862004119,10.1000003814697,1.39999997615814,-7.80000019073486,0.0,-100,-101,-98,-100,-96,-100,-102,-108,-88.4,86,15600,-10243,"2016-11-17 11:39:40.458","speed 8 -2",8
20807,151.227965079804,-33.9311851628307,10.1000003814697,1.39999997615814,-7.80000019073486,0.0,-100,-101,-98,-100,-96,-100,-102,-108,-88.5,86,15616,-10066,"2016-11-17 11:39:40.559","speed 8 -2",8
20808,151.227956520402,-33.9311838723068,10.1000003814697,1.39999997615814,-7.80000019073486,0.0,-100,-101,-98,-100,-96,-100,-102,-108,-88.5,86,15616,-10066,"2016-11-17 11:39:40.658","speed 8 -2",8
20809,151.227948091869,-33.9311826211121,10.1000003814697,1.39999997615814,-7.80000019073486,0.0,-100,-101,-98,-100,-96,-100,-102,-108,-88.5,86,15616,-10066,"2016-11-17 11:39:40.759","speed 8 -2",8
20810,151.227939537591,-33.931181465564,10.1000003814697,1.39999997615814,-7.90000009536743,0.0,-100,-101,-98,-100,-96,-100,-102,-108,-88.4,86,15616,-10066,"2016-11-17 11:39:40.860","speed 8 -2",8
20811,151.227930929978,-33.9311802203951,10.1000003814697,1.39999997615814,-7.90000009536743,0.0,-100,-101,-98,-100,-96,-100,-102,-108,-88.6,86,15616,-10066,"2016-11-17 11:39:40.974","speed 8 -2",8
20812,151.227922309117,-33.9311789105645,10.1000003814697,1.39999997615814,-7.90000009536743,0.0,-100,-101,-98,-100,-96,-100,-102,-108,-88.5,86,15616,-10066,"2016-11-17 11:39:41.061","speed 8 -2",8
20813,151.227913724356,-33.9311778317397,10.1000003814697,1.39999997615814,-7.90000009536743,0.0,-100,-101,-97,-88,-95,-100,-101,-108,-88.5,86,15616,-10066,"2016-11-17 11:39:41.160","speed 8 -2",8
20814,151.227905092199,-33.9311765305654,10.1000003814697,1.39999997615814,-7.90000009536743,0.0,-100,-101,-97,-88,-95,-100,-101,-108,-88.6,86,15616,-10066,"2016-11-17 11:39:41.265","speed 8 -2",8
20815,151.227896552714,-33.9311753558561,10.1000003814697,1.39999997615814,-7.90000009536743,0.100000001490116,-100,-101,-97,-88,-95,-100,-101,-108,-88.5,86,15616,-10066,"2016-11-17 11:39:41.363","speed 8 -2",8
20816,151.227887921561,-33.9311741742268,10.1000003814697,1.39999997615814,-7.90000009536743,0.0,-100,-101,-97,-88,-95,-100,-101,-108,-88.6,86,15616,-10066,"2016-11-17 11:39:41.461","speed 8 -2",8
20817,151.227879318023,-33.9311729092741,10.1000003814697,1.39999997615814,-7.90000009536743,0.100000001490116,-100,-101,-97,-88,-95,-100,-101,-108,-88.6,86,15678,-9569,"2016-11-17 11:39:41.561","speed 8 -2",8
20818,151.227870680061,-33.931171602041,10.1000003814697,1.39999997615814,-7.90000009536743,0.0,-100,-101,-97,-88,-95,-100,-101,-108,-88.6,86,15678,-9569,"2016-11-17 11:39:41.661","speed 8 -2",8
20819,151.227862010711,-33.9311704190667,10.1000003814697,1.39999997615814,-7.90000009536743,0.100000001490116,-100,-101,-97,-88,-95,-100,-101,-108,-88.5,86,15678,-9569,"2016-11-17 11:39:41.763","speed 8 -2",8
20820,151.227853386384,-33.9311691090995,10.1000003814697,1.39999997615814,-7.90000009536743,0.0,-100,-101,-97,-88,-95,-100,-101,-108,-88.4,86,15678,-9569,"2016-11-17 11:39:41.862","speed 8 -2",8
20821,151.227844861491,-33.9311678634491,10.1000003814697,1.39999997615814,-7.90000009536743,0.100000001490116,-100,-101,-97,-88,-95,-100,-101,-108,-88.4,86,15678,-9569,"2016-11-17 11:39:41.962","speed 8 -2",8
20822,151.227836241616,-33.9311666312416,10.1000003814697,1.39999997615814,-7.90000009536743,0.100000001490116,-100,-101,-97,-88,-95,-100,-101,-108,-88.5,86,15678,-9569,"2016-11-17 11:39:42.063","speed 8 -2",8
20823,151.227827728812,-33.9311654006,10.1000003814697,1.39999997615814,-7.90000009536743,0.0,-97,-102,-101,-100,-95,-99,-102,-108,-88.5,86,15678,-9569,"2016-11-17 11:39:42.163","speed 8 -2",8
20824,151.227819153726,-33.9311641095284,10.1000003814697,1.39999997615814,-7.80000019073486,0.0,-97,-102,-101,-100,-95,-99,-102,-108,-88.4,86,15678,-9569,"2016-11-17 11:39:42.264","speed 8 -2",8
20825,151.227810732766,-33.9311629639018,10.1000003814697,1.39999997615814,-7.80000019073486,0.0,-97,-102,-101,-100,-95,-99,-102,-108,-88.3,86,15678,-9569,"2016-11-17 11:39:42.363","speed 8 -2",8
20826,151.227802187278,-33.931161673276,10.1000003814697,1.39999997615814,-7.80000019073486,0.0,-97,-102,-101,-100,-95,-99,-102,-108,-88.2,86,15678,-9569,"2016-11-17 11:39:42.463","speed 8 -2",8
20827,151.227793643552,-33.9311604265855,10.1000003814697,1.39999997615814,-7.80000019073486,0.100000001490116,-97,-102,-101,-100,-95,-99,-102,-108,-88.0,86,15638,-9583,"2016-11-17 11:39:42.563","speed 8 -2",8
20828,151.227785098788,-33.9311591749584,10.1000003814697,1.39999997615814,-7.80000019073486,0.0,-97,-102,-101,-100,-95,-99,-102,-108,-88.0,86,15638,-9583,"2016-11-17 11:39:42.664","speed 8 -2",8
20829,151.227776708143,-33.9311578984272,10,1.39999997615814,-7.80000019073486,0.0,-97,-102,-101,-100,-95,-99,-102,-108,-88.0,86,15638,-9583,"2016-11-17 11:39:42.773","speed 8 -2",8
20830,151.22776817762,-33.9311565662038,10,1.39999997615814,-7.80000019073486,0.0,-97,-102,-101,-100,-95,-99,-102,-108,-88.1,86,15638,-9583,"2016-11-17 11:39:42.875","speed 8 -2",8
20831,151.22776817762,-33.9311565662038,10,1.39999997615814,-7.80000019073486,0.0,-97,-102,-101,-100,-95,-99,-102,-108,-88.1,86,15638,-9583,"2016-11-17 11:39:42.975","speed 8 -2",8
20832,151.227751236483,-33.9311540593067,10,1.39999997615814,-7.80000019073486,0.0,-97,-102,-101,-100,-95,-99,-102,-108,-88.3,86,15638,-9583,"2016-11-17 11:39:43.072","speed 8 -2",8
20833,151.227742881742,-33.9311528330138,10,1.39999997615814,-7.80000019073486,0.0,-99,-102,-100,-98,-96,-84,-102,-108,-88.4,86,15638,-9583,"2016-11-17 11:39:43.172","speed 8 -2",8
20834,151.227734350244,-33.931151539782,10,1.39999997615814,-7.80000019073486,0.0,-99,-102,-100,-98,-96,-84,-102,-108,-88.4,86,15638,-9583,"2016-11-17 11:39:43.272","speed 8 -2",8
20835,151.227725956354,-33.9311504260289,10,1.39999997615814,-7.80000019073486,0.0,-99,-102,-100,-98,-96,-84,-102,-108,-88.4,86,15638,-9583,"2016-11-17 11:39:43.372","speed 8 -2",8
20836,151.227717389935,-33.931149134855,10,1.39999997615814,-7.80000019073486,0.0,-99,-102,-100,-98,-96,-84,-102,-108,-88.3,86,15638,-9583,"2016-11-17 11:39:43.482","speed 8 -2",8
20837,151.227708831795,-33.9311479034903,10,1.39999997615814,-7.90000009536743,0.0,-99,-102,-100,-98,-96,-84,-102,-108,-88.4,86,15610,-9993,"2016-11-17 11:39:43.583","speed 8 -2",8
20838,151.227700266056,-33.9311466867117,10,1.39999997615814,-7.90000009536743,0.0,-99,-102,-100,-98,-96,-84,-102,-108,-88.3,86,15610,-9993,"2016-11-17 11:39:43.675","speed 8 -2",8
20839,151.227691808776,-33.9311454170847,10.1000003814697,1.39999997615814,-7.90000009536743,0.0,-99,-102,-100,-98,-96,-84,-102,-108,-88.3,86,15610,-9993,"2016-11-17 11:39:43.787","speed 8 -2",8
20840,151.227683187417,-33.9311440982637,10,1.39999997615814,-7.90000009536743,0.0,-99,-102,-100,-98,-96,-84,-102,-108,-88.2,86,15610,-9993,"2016-11-17 11:39:43.884","speed 8 -2",8
20841,151.227674625082,-33.9311429681027,10,1.39999997615814,-7.90000009536743,0.0,-99,-102,-100,-98,-96,-84,-102,-108,-88.1,86,15610,-9993,"2016-11-17 11:39:43.973","speed 8 -2",8
20842,151.227666024607,-33.9311416023969,10,1.5,-7.90000009536743,0.0,-99,-102,-100,-98,-96,-84,-102,-108,-88.1,86,15610,-9993,"2016-11-17 11:39:44.074","speed 8 -2",8
20843,151.227657441923,-33.9311401685929,10,1.5,-7.80000019073486,0.0,-100,-102,-97,-99,-94,-91,-101,-108,-88.1,86,15610,-9993,"2016-11-17 11:39:44.174","speed 8 -2",8
20844,151.227648886497,-33.9311388461456,10,1.5,-7.80000019073486,0.0,-100,-102,-97,-99,-94,-91,-101,-108,-88.2,86,15610,-9993,"2016-11-17 11:39:44.275","speed 8 -2",8
20845,151.227640387088,-33.9311375571617,10,1.5,-7.80000019073486,0.0,-100,-102,-97,-99,-94,-91,-101,-108,-88.3,86,15610,-9993,"2016-11-17 11:39:44.374","speed 8 -2",8
20846,151.227631863024,-33.9311361561848,10,1.5,-7.80000019073486,0.0,-100,-102,-97,-99,-94,-91,-101,-108,-88.2,86,15610,-9993,"2016-11-17 11:39:44.475","speed 8 -2",8
20847,151.227623393485,-33.9311348630699,10,1.5,-7.80000019073486,0.0,-100,-102,-97,-99,-94,-91,-101,-108,-88.2,86,15625,-9746,"2016-11-17 11:39:44.579","speed 8 -2",8
20848,151.227614848891,-33.9311335030168,10,1.5,-7.80000019073486,0.0,-100,-102,-97,-99,-94,-91,-101,-108,-88.1,86,15625,-9746,"2016-11-17 11:39:44.675","speed 8 -2",8
20849,151.22760642305,-33.9311322933751,10,1.39999997615814,-7.80000019073486,0.0,-100,-102,-97,-99,-94,-91,-101,-108,-88.3,86,15625,-9746,"2016-11-17 11:39:44.777","speed 8 -2",8
20850,151.227597810915,-33.9311310591296,10,1.5,-7.80000019073486,0.0,-100,-102,-97,-99,-94,-91,-101,-108,-88.4,86,15625,-9746,"2016-11-17 11:39:44.888","speed 8 -2",8
20851,151.227589307333,-33.9311298033707,9.89999961853027,1.5,-7.90000009536743,0.0,-100,-102,-97,-99,-94,-91,-101,-108,-88.5,86,15625,-9746,"2016-11-17 11:39:44.977","speed 8 -2",8
20852,151.22758071641,-33.9311284363068,9.89999961853027,1.5,-7.90000009536743,0.0,-100,-102,-97,-99,-94,-91,-101,-108,-88.6,86,15625,-9746,"2016-11-17 11:39:45.078","speed 8 -2",8
20853,151.227572245133,-33.9311272161999,9.89999961853027,1.5,-7.90000009536743,0.0,-99,-97,-96,-91,-100,-100,-102,-108,-88.6,86,15625,-9746,"2016-11-17 11:39:45.177","speed 8 -2",8
20854,151.227563653275,-33.9311258587477,9.89999961853027,1.5,-7.90000009536743,0.0,-99,-97,-96,-91,-100,-100,-102,-108,-88.6,86,15625,-9746,"2016-11-17 11:39:45.277","speed 8 -2",8
20855,151.227555089284,-33.9311246568205,9.89999961853027,1.39999997615814,-7.90000009536743,0.0,-99,-97,-96,-91,-100,-100,-102,-108,-88.4,86,15625,-9746,"2016-11-17 11:39:45.377","speed 8 -2",8
20856,151.227546520055,-33.9311234068484,9.89999961853027,1.39999997615814,-7.90000009536743,0.0,-99,-97,-96,-91,-100,-100,-102,-108,-88.2,86,15625,-9746,"2016-11-17 11:39:45.477","speed 8 -2",8
20857,151.227537969016,-33.931122139346,9.89999961853027,1.39999997615814,-7.90000009536743,0.0,-99,-97,-96,-91,-100,-100,-102,-108,-88.1,86,15690,-9029,"2016-11-17 11:39:45.577","speed 8 -2",8
20858,151.227529357646,-33.9311207989761,9.89999961853027,1.5,-7.90000009536743,0.0,-99,-97,-96,-91,-100,-100,-102,-108,-88.2,86,15690,-9029,"2016-11-17 11:39:45.677","speed 8 -2",8
20859,151.227520960841,-33.931119595501,9.89999961853027,1.5,-7.90000009536743,0.0,-99,-97,-96,-91,-100,-100,-102,-108,-88.4,86,15690,-9029,"2016-11-17 11:39:45.792","speed 8 -2",8
20860,151.227512354255,-33.9311182310551,9.89999961853027,1.5,-7.90000009536743,0.0,-99,-97,-96,-91,-100,-100,-102,-108,-88.6,86,15690,-9029,"2016-11-17 11:39:45.878","speed 8 -2",8
20861,151.227503728535,-33.9311169781789,9.89999961853027,1.39999997615814,-7.90000009536743,0.0,-99,-97,-96,-91,-100,-100,-102,-108,-88.6,86,15690,-9029,"2016-11-17 11:39:45.992","speed 8 -2",8
20862,151.227495116947,-33.9311156255095,9.89999961853027,1.5,-7.90000009536743,0.0,-99,-97,-96,-91,-100,-100,-102,-108,-88.4,86,15690,-9029,"2016-11-17 11:39:46.078","speed 8 -2",8
20863,151.227486742549,-33.9311145094379,9.89999961853027,1.39999997615814,-7.90000009536743,0.0,-100,-101,-91,-100,-100,-99,-101,-108,-88.4,86,15690,-9029,"2016-11-17 11:39:46.178","speed 8 -2",8
20864,151.227478137187,-33.9311131837607,9.89999961853027,1.39999997615814,-7.90000009536743,0.0,-100,-101,-91,-100,-100,-99,-101,-108,-88.3,86,15690,-9029,"2016-11-17 11:39:46.278","speed 8 -2",8
20865,151.227469510054,-33.9311120192225,9.89999961853027,1.39999997615814,-7.90000009536743,0.0,-100,-101,-91,-100,-100,-99,-101,-108,-88.2,86,15690,-9029,"2016-11-17 11:39:46.379","speed 8 -2",8
20866,151.227469510054,-33.9311120192225,9.89999961853027,1.39999997615814,-7.90000009536743,0.0,-100,-101,-91,-100,-100,-99,-101,-108,-88.2,86,15690,-9029,"2016-11-17 11:39:46.479","speed 8 -2",8
20867,151.227452393996,-33.9311096666859,9.89999961853027,1.39999997615814,-7.90000009536743,0.0,-100,-101,-91,-100,-100,-99,-101,-108,-88.4,86,15694,-8800,"2016-11-17 11:39:46.579","speed 8 -2",8
20868,151.227443756632,-33.9311083607933,9.89999961853027,1.39999997615814,-7.90000009536743,0.0,-100,-101,-91,-100,-100,-99,-101,-108,-88.4,86,15694,-8800,"2016-11-17 11:39:46.680","speed 8 -2",8
20869,151.227435124064,-33.9311072177834,9.89999961853027,1.39999997615814,-7.90000009536743,0.0,-100,-101,-91,-100,-100,-99,-101,-108,-88.5,86,15694,-8800,"2016-11-17 11:39:46.780","speed 8 -2",8
20870,151.227426469625,-33.9311058980605,9.89999961853027,1.39999997615814,-7.90000009536743,0.0,-100,-101,-91,-100,-100,-99,-101,-108,-88.5,86,15694,-8800,"2016-11-17 11:39:46.880","speed 8 -2",8
20871,151.227417869799,-33.9311046083661,9.89999961853027,1.39999997615814,-7.90000009536743,0.0,-100,-101,-91,-100,-100,-99,-101,-108,-88.4,86,15694,-8800,"2016-11-17 11:39:46.981","speed 8 -2",8
20872,151.227409186716,-33.9311033817171,9.89999961853027,1.39999997615814,-7.90000009536743,0.0,-100,-101,-91,-100,-100,-99,-101,-108,-88.4,86,15694,-8800,"2016-11-17 11:39:47.081","speed 8 -2",8
20873,151.227400588853,-33.931102199421,9.89999961853027,1.39999997615814,-7.90000009536743,0.0,-96,-102,-100,-92,-98,-98,-102,-108,-88.4,86,15694,-8800,"2016-11-17 11:39:47.182","speed 8 -2",8
20874,151.227391890538,-33.9311008624402,10,1.39999997615814,-8.0,0.0,-96,-102,-100,-92,-98,-98,-102,-108,-88.5,86,15694,-8800,"2016-11-17 11:39:47.281","speed 8 -2",8
20875,151.227383318209,-33.9310997095887,10,1.39999997615814,-8.0,0.0,-96,-102,-100,-92,-98,-98,-102,-108,-88.4,86,15694,-8800,"2016-11-17 11:39:47.386","speed 8 -2",8
20876,151.227374612481,-33.9310983695364,10,1.39999997615814,-8.0,0.0,-96,-102,-100,-92,-98,-98,-102,-108,-88.4,86,15694,-8800,"2016-11-17 11:39:47.482","speed 8 -2",8
20877,151.227365832827,-33.9310971226287,10,1.39999997615814,-8.0,0.0,-96,-102,-100,-92,-98,-98,-102,-108,-88.3,85,15696,-8776,"2016-11-17 11:39:47.582","speed 8 -2",8
20878,151.227357118323,-33.9310959172013,10,1.39999997615814,-8.0,0.0,-96,-102,-100,-92,-98,-98,-102,-108,-88.4,85,15696,-8776,"2016-11-17 11:39:47.685","speed 8 -2",8
20879,151.227348504398,-33.9310947822602,10,1.39999997615814,-8.0,0.0,-96,-102,-100,-92,-98,-98,-102,-108,-88.3,85,15696,-8776,"2016-11-17 11:39:47.782","speed 8 -2",8
20880,151.227339793661,-33.9310934560418,10,1.39999997615814,-8.0,0.0,-96,-102,-100,-92,-98,-98,-102,-108,-88.3,85,15696,-8776,"2016-11-17 11:39:47.883","speed 8 -2",8
20881,151.227331105914,-33.9310923637156,10.1000003814697,1.39999997615814,-8.0,0.0,-96,-102,-100,-92,-98,-98,-102,-108,-88.3,85,15696,-8776,"2016-11-17 11:39:47.983","speed 8 -2",8
20882,151.227322409933,-33.9310910492378,10.1000003814697,1.39999997615814,-7.90000009536743,0.0,-96,-102,-100,-92,-98,-98,-102,-108,-88.3,85,15696,-8776,"2016-11-17 11:39:48.083","speed 8 -2",8
20883,151.227313772508,-33.9310899079388,10.1000003814697,1.39999997615814,-7.90000009536743,0.0,-99,-101,-100,-100,-96,-96,-102,-108,-88.3,85,15696,-8776,"2016-11-17 11:39:48.185","speed 8 -2",8
20884,151.227305077757,-33.9310887248878,10.1000003814697,1.39999997615814,-7.90000009536743,0.0,-99,-101,-100,-100,-96,-96,-102,-108,-88.4,85,15696,-8776,"2016-11-17 11:39:48.285","speed 8 -2",8
20885,151.227296483915,-33.9310875442757,10.1000003814697,1.39999997615814,-7.90000009536743,0.0,-99,-101,-100,-100,-96,-96,-102,-108,-88.6,85,15696,-8776,"2016-11-17 11:39:48.384","speed 8 -2",8
20886,151.22728786346,-33.9310862155687,10.1000003814697,1.39999997615814,-7.90000009536743,0.0,-99,-101,-100,-100,-96,-96,-102,-108,-88.8,85,15696,-8776,"2016-11-17 11:39:48.484","speed 8 -2",8
20887,151.227279193034,-33.9310852160896,10.1000003814697,1.39999997615814,-7.90000009536743,0.0,-99,-101,-100,-100,-96,-96,-102,-108,-88.8,85,15670,-9133,"2016-11-17 11:39:48.590","speed 8 -2",8
20888,151.227270568603,-33.9310839319486,10.1000003814697,1.39999997615814,-7.90000009536743,0.100000001490116,-99,-101,-100,-100,-96,-96,-102,-108,-88.8,85,15670,-9133,"2016-11-17 11:39:48.683","speed 8 -2",8
20889,151.227261961711,-33.9310829011176,10.1000003814697,1.29999995231628,-7.90000009536743,0.0,-99,-101,-100,-100,-96,-96,-102,-108,-88.8,85,15670,-9133,"2016-11-17 11:39:48.785","speed 8 -2",8
20890,151.227253229996,-33.9310818449192,10.1000003814697,1.29999995231628,-7.90000009536743,0.100000001490116,-99,-101,-100,-100,-96,-96,-102,-108,-88.8,85,15670,-9133,"2016-11-17 11:39:48.887","speed 8 -2",8
20891,151.227244685916,-33.9310807324794,10.1000003814697,1.29999995231628,-7.90000009536743,0.100000001490116,-99,-101,-100,-100,-96,-96,-102,-108,-88.8,85,15670,-9133,"2016-11-17 11:39:48.988","speed 8 -2",8
20892,151.227236026725,-33.9310795342203,10.1000003814697,1.29999995231628,-7.90000009536743,0.100000001490116,-99,-101,-100,-100,-96,-96,-102,-108,-88.8,85,15670,-9133,"2016-11-17 11:39:49.084","speed 8 -2",8
20893,151.227227356022,-33.9310785838583,10.1000003814697,1.29999995231628,-7.90000009536743,0.100000001490116,-100,-101,-100,-94,-100,-100,-92,-108,-88.9,85,15670,-9133,"2016-11-17 11:39:49.184","speed 8 -2",8
20894,151.227218656148,-33.9310775854717,10.1000003814697,1.29999995231628,-7.90000009536743,0.100000001490116,-100,-101,-100,-94,-100,-100,-92,-108,-88.9,85,15670,-9133,"2016-11-17 11:39:49.285","speed 8 -2",8
20895,151.227209994286,-33.9310765633769,10.1000003814697,1.20000004768372,-7.90000009536743,0.100000001490116,-100,-101,-100,-94,-100,-100,-92,-108,-89.0,85,15670,-9133,"2016-11-17 11:39:49.385","speed 8 -2",8
20896,151.227201329931,-33.9310753845173,10.1000003814697,1.29999995231628,-7.90000009536743,0.100000001490116,-100,-101,-100,-94,-100,-100,-92,-108,-88.9,85,15670,-9133,"2016-11-17 11:39:49.485","speed 8 -2",8
20897,151.227192810429,-33.9310745222995,10.1000003814697,1.29999995231628,-7.90000009536743,0.100000001490116,-100,-101,-100,-94,-100,-100,-92,-108,-88.8,85,15670,-9133,"2016-11-17 11:39:49.589","speed 8 -2",8
20898,151.22718418698,-33.9310733183222,10.1000003814697,1.29999995231628,-7.90000009536743,0.100000001490116,-100,-101,-100,-94,-100,-100,-92,-108,-88.8,85,15670,-9133,"2016-11-17 11:39:49.686","speed 8 -2",8
20899,151.227175608781,-33.9310722540396,10.1000003814697,1.29999995231628,-7.90000009536743,0.200000002980232,-100,-101,-100,-94,-100,-100,-92,-108,-88.7,85,15670,-9133,"2016-11-17 11:39:49.786","speed 8 -2",8
20900,151.227166988221,-33.9310711814078,10.1000003814697,1.29999995231628,-7.90000009536743,0.100000001490116,-100,-101,-100,-94,-100,-100,-92,-108,-88.7,85,15670,-9133,"2016-11-17 11:39:49.891","speed 8 -2",8
20901,151.227158409599,-33.9310701175355,10,1.29999995231628,-7.90000009536743,0.100000001490116,-100,-101,-100,-94,-100,-100,-92,-108,-88.6,85,15670,-9133,"2016-11-17 11:39:49.986","speed 8 -2",8
20902,151.227149813986,-33.9310688631738,10,1.39999997615814,-7.90000009536743,0.100000001490116,-100,-101,-100,-94,-100,-100,-92,-108,-88.6,85,15670,-9133,"2016-11-17 11:39:50.087","speed 8 -2",8
20903,151.227141137132,-33.9310678679941,10,1.39999997615814,-7.90000009536743,0.100000001490116,-95,-101,-99,-100,-98,-100,-83,-108,-88.6,85,15670,-9133,"2016-11-17 11:39:50.186","speed 8 -2",8
20904,151.227132542593,-33.9310665851638,10,1.39999997615814,-7.90000009536743,0.0,-95,-101,-99,-100,-98,-100,-83,-108,-88.6,85,15670,-9133,"2016-11-17 11:39:50.288","speed 8 -2",8
20905,151.227124119281,-33.9310654698338,10,1.39999997615814,-7.80000019073486,0.0,-95,-101,-99,-100,-98,-100,-83,-108,-88.6,85,15670,-9133,"2016-11-17 11:39:50.388","speed 8 -2",8
20906,151.227115478302,-33.9310643544053,10,1.39999997615814,-7.80000019073486,0.0,-95,-101,-99,-100,-98,-100,-83,-108,-88.5,85,15670,-9133,"2016-11-17 11:39:50.487","speed 8 -2",8
20907,151.227106919756,-33.9310630401002,9.89999961853027,1.39999997615814,-7.90000009536743,0.0,-95,-101,-99,-100,-98,-100,-83,-108,-88.5,85,15679,-9231,"2016-11-17 11:39:50.588","speed 8 -2",8
20908,151.227098333667,-33.9310617172139,9.89999961853027,1.39999997615814,-7.90000009536743,0.0,-95,-101,-99,-100,-98,-100,-83,-108,-88.6,85,15679,-9231,"2016-11-17 11:39:50.688","speed 8 -2",8
20909,151.227089813577,-33.9310606118111,9.89999961853027,1.39999997615814,-7.90000009536743,0.0,-95,-101,-99,-100,-98,-100,-83,-108,-88.6,85,15679,-9231,"2016-11-17 11:39:50.795","speed 8 -2",8
20910,151.227081214316,-33.9310592815898,10,1.39999997615814,-7.90000009536743,0.0,-95,-101,-99,-100,-98,-100,-83,-108,-88.6,85,15679,-9231,"2016-11-17 11:39:50.895","speed 8 -2",8
20911,151.227072699206,-33.9310580704542,10,1.39999997615814,-7.90000009536743,0.0,-95,-101,-99,-100,-98,-100,-83,-108,-88.6,85,15679,-9231,"2016-11-17 11:39:50.988","speed 8 -2",8
20912,151.227064086693,-33.9310568699744,10,1.39999997615814,-7.90000009536743,0.0,-95,-101,-99,-100,-98,-100,-83,-108,-88.6,85,15679,-9231,"2016-11-17 11:39:51.088","speed 8 -2",8
20913,151.227055552399,-33.9310555903214,10,1.39999997615814,-7.90000009536743,0.0,-97,-101,-98,-90,-100,-100,-102,-108,-88.6,85,15679,-9231,"2016-11-17 11:39:51.189","speed 8 -2",8
20914,151.227055552399,-33.9310555903214,10,1.39999997615814,-7.90000009536743,0.0,-97,-101,-98,-90,-100,-100,-102,-108,-88.6,85,15679,-9231,"2016-11-17 11:39:51.290","speed 8 -2",8
20915,151.227038438813,-33.9310530931207,10,1.39999997615814,-7.90000009536743,0.0,-97,-101,-98,-90,-100,-100,-102,-108,-88.5,85,15679,-9231,"2016-11-17 11:39:51.389","speed 8 -2",8
20916,151.227029823759,-33.9310517325587,10,1.5,-7.90000009536743,0.0,-97,-101,-98,-90,-100,-100,-102,-108,-88.5,85,15679,-9231,"2016-11-17 11:39:51.496","speed 8 -2",8
20917,151.22702130723,-33.9310503624084,10,1.5,-7.90000009536743,0.0,-97,-101,-98,-90,-100,-100,-102,-108,-88.6,85,15604,-9956,"2016-11-17 11:39:51.590","speed 8 -2",8
20918,151.227012687449,-33.9310490874667,9.89999961853027,1.5,-7.90000009536743,0.0,-97,-101,-98,-90,-100,-100,-102,-108,-88.6,85,15604,-9956,"2016-11-17 11:39:51.690","speed 8 -2",8
20919,151.227004187675,-33.9310478579667,10,1.5,-7.90000009536743,0.0,-97,-101,-98,-90,-100,-100,-102,-108,-88.6,85,15604,-9956,"2016-11-17 11:39:51.790","speed 8 -2",8
20920,151.226995583756,-33.931046493121,9.89999961853027,1.5,-7.90000009536743,0.0,-97,-101,-98,-90,-100,-100,-102,-108,-88.5,85,15604,-9956,"2016-11-17 11:39:51.892","speed 8 -2",8
20921,151.226987148222,-33.9310452972561,9.89999961853027,1.5,-7.80000019073486,0.0,-97,-101,-98,-90,-100,-100,-102,-108,-88.3,85,15604,-9956,"2016-11-17 11:39:52.005","speed 8 -2",8
20922,151.226978582929,-33.9310439339949,9.89999961853027,1.5,-7.80000019073486,0.0,-97,-101,-98,-90,-100,-100,-102,-108,-88.3,85,15604,-9956,"2016-11-17 11:39:52.091","speed 8 -2",8
20923,151.226970075322,-33.9310425471055,9.89999961853027,1.39999997615814,-7.80000019073486,0.0,-101,-102,-100,-99,-85,-100,-102,-108,-88.3,85,15604,-9956,"2016-11-17 11:39:52.192","speed 8 -2",8
20924,151.226961629112,-33.931041206981,9.89999961853027,1.39999997615814,-7.69999980926514,0.0,-101,-102,-100,-99,-85,-100,-102,-108,-88.2,85,15604,-9956,"2016-11-17 11:39:52.292","speed 8 -2",8
20925,151.226953404935,-33.9310400382072,9.89999961853027,1.39999997615814,-7.5,0.0,-101,-102,-100,-99,-85,-100,-102,-108,-88.1,85,15604,-9956,"2016-11-17 11:39:52.392","speed 8 -2",8
20926,151.226945319317,-33.9310387520548,9.89999961853027,1.39999997615814,-7.30000019073486,0.0,-101,-102,-100,-99,-85,-100,-102,-108,-88.0,85,15604,-9956,"2016-11-17 11:39:52.507","speed 8 -2",8
20927,151.226937706605,-33.9310374953756,9.89999961853027,1.29999995231628,-7.0,0.0,-101,-102,-100,-99,-85,-100,-102,-108,-88.1,85,15587,-10325,"2016-11-17 11:39:52.592","speed 8 -2",8
20928,151.226930156467,-33.931036351684,9.89999961853027,1.29999995231628,-6.69999980926514,0.0,-101,-102,-100,-99,-85,-100,-102,-108,-88.2,85,15587,-10325,"2016-11-17 11:39:52.693","speed 8 -2",8
20929,151.226923093795,-33.9310353125498,9.89999961853027,1.20000004768372,-6.40000009536743,0.0,-101,-102,-100,-99,-85,-100,-102,-108,-88.1,85,15587,-10325,"2016-11-17 11:39:52.793","speed 8 -2",8
20930,151.22691624804,-33.9310341984012,9.89999961853027,1.20000004768372,-6.09999990463257,0.0,-101,-102,-100,-99,-85,-100,-102,-108,-88.2,85,15587,-10325,"2016-11-17 11:39:52.894","speed 8 -2",8
20931,151.226909815683,-33.9310332584458,9.89999961853027,1.10000002384186,-5.80000019073486,0.0,-101,-102,-100,-99,-85,-100,-102,-108,-88.5,85,15587,-10325,"2016-11-17 11:39:53.003","speed 8 -2",8
20932,151.226903639907,-33.9310322367271,9.89999961853027,1.10000002384186,-5.5,0.0,-101,-102,-100,-99,-85,-100,-102,-108,-88.9,85,15587,-10325,"2016-11-17 11:39:53.105","speed 8 -2",8
20933,151.226898245691,-33.9310314158803,9.89999961853027,1.0,-5.19999980926514,0.0,-99,-101,-98,-98,-96,-82,-99,-108,-89.3,85,15587,-10325,"2016-11-17 11:39:53.193","speed 8 -2",8
20934,151.226892399293,-33.9310305511106,9.80000019073486,0.899999976158142,-4.90000009536743,0.0,-99,-101,-98,-98,-96,-82,-99,-108,-89.5,85,15587,-10325,"2016-11-17 11:39:53.293","speed 8 -2",8
20935,151.226887824376,-33.9310298757723,9.80000019073486,0.800000011920929,-4.59999990463257,0.0,-99,-101,-98,-98,-96,-82,-99,-108,-89.5,85,15587,-10325,"2016-11-17 11:39:53.412","speed 8 -2",8
20936,151.226883028052,-33.9310291027125,9.80000019073486,0.800000011920929,-4.19999980926514,0.0,-99,-101,-98,-98,-96,-82,-99,-108,-89.6,85,15587,-10325,"2016-11-17 11:39:53.508","speed 8 -2",8
20937,151.226879047871,-33.9310285774065,9.80000019073486,0.699999988079071,-3.90000009536743,0.0,-99,-101,-98,-98,-96,-82,-99,-108,-89.2,85,15613,-10109,"2016-11-17 11:39:53.594","speed 8 -2",8
20938,151.226874952305,-33.9310279019665,9.80000019073486,0.699999988079071,-3.59999990463257,0.0,-99,-101,-98,-98,-96,-82,-99,-108,-88.8,85,15613,-10109,"2016-11-17 11:39:53.698","speed 8 -2",8
20939,151.226871970052,-33.9310275703891,9.80000019073486,0.600000023841858,-3.29999995231628,0.0,-99,-101,-98,-98,-96,-82,-99,-108,-88.5,85,15613,-10109,"2016-11-17 11:39:53.794","speed 8 -2",8
20940,151.226868470343,-33.9310270785075,9.80000019073486,0.600000023841858,-2.90000009536743,-0.100000001490116,-99,-101,-98,-98,-96,-82,-99,-108,-88.3,85,15613,-10109,"2016-11-17 11:39:53.895","speed 8 -2",8
20941,151.226866192901,-33.9310266944296,9.80000019073486,0.5,-2.59999990463257,0.0,-99,-101,-98,-98,-96,-82,-99,-108,-88.2,85,15613,-10109,"2016-11-17 11:39:54.008","speed 8 -2",8
20942,151.226863456124,-33.9310262221134,9.80000019073486,0.5,-2.29999995231628,-0.100000001490116,-99,-101,-98,-98,-96,-82,-99,-108,-88.1,85,15613,-10109,"2016-11-17 11:39:54.102","speed 8 -2",8
20943,151.22686190638,-33.9310260415872,9.89999961853027,0.400000005960464,-2.0,-0.100000001490116,-100,-87,-96,-100,-100,-98,-102,-108,-88.0,85,15613,-10109,"2016-11-17 11:39:54.204","speed 8 -2",8
20944,151.226859800691,-33.9310256724394,9.89999961853027,0.300000011920929,-1.79999995231628,-0.100000001490116,-100,-87,-96,-100,-100,-98,-102,-108,-87.9,85,15613,-10109,"2016-11-17 11:39:54.305","speed 8 -2",8
20945,151.226858840971,-33.931025591169,9.89999961853027,0.300000011920929,-1.5,-0.100000001490116,-100,-87,-96,-100,-100,-98,-102,-108,-87.8,85,15613,-10109,"2016-11-17 11:39:54.405","speed 8 -2",8
20946,151.226857402694,-33.9310254275882,9.89999961853027,0.200000002980232,-1.20000004768372,0.0,-100,-87,-96,-100,-100,-98,-102,-108,-87.9,85,15613,-10109,"2016-11-17 11:39:54.509","speed 8 -2",8
20947,151.226856965402,-33.9310252636188,9.89999961853027,0.200000002980232,-1.0,0.0,-100,-87,-96,-100,-100,-98,-102,-108,-88.3,85,15613,-10109,"2016-11-17 11:39:54.605","speed 8 -2",8
20948,151.226855973544,-33.931025085768,9.89999961853027,0.200000002980232,-0.899999976158142,-0.100000001490116,-100,-87,-96,-100,-100,-98,-102,-108,-88.8,85,15613,-10109,"2016-11-17 11:39:54.705","speed 8 -2",8
20949,151.226855905162,-33.93102505725,9.89999961853027,0.200000002980232,-0.800000011920929,-0.100000001490116,-100,-87,-96,-100,-100,-98,-102,-108,-93.6,85,15613,-10109,"2016-11-17 11:39:54.810","speed 8 -2",8
20950,151.226855905162,-33.93102505725,9.89999961853027,0.200000002980232,-0.800000011920929,-0.100000001490116,-100,-87,-96,-100,-100,-98,-102,-108,-93.6,85,15613,-10109,"2016-11-17 11:39:54.906","speed 8 -2",8
20951,151.226854632351,-33.9310245835719,9.80000019073486,0.300000011920929,-1.0,0.0,-100,-87,-96,-100,-100,-98,-102,-108,-111.1,85,15613,-10109,"2016-11-17 11:39:55.012","speed 8 -2",8
20952,151.226853569398,-33.9310242684003,9.80000019073486,0.300000011920929,-1.20000004768372,0.0,-100,-87,-96,-100,-100,-98,-102,-108,-120.0,85,15613,-10109,"2016-11-17 11:39:55.106","speed 8 -2",8
20953,151.226852777989,-33.9310242224153,9.80000019073486,0.200000002980232,-1.20000004768372,0.0,-97,-102,-101,-86,-97,-100,-95,-108,-128.5,85,15613,-10109,"2016-11-17 11:39:55.206","speed 8 -2",8
20954,151.226851389007,-33.9310239931745,9.69999980926514,0.200000002980232,-1.20000004768372,0.0,-97,-102,-101,-86,-97,-100,-95,-108,-136.9,85,15613,-10109,"2016-11-17 11:39:55.314","speed 8 -2",8
20955,151.2268506355,-33.9310237078853,9.69999980926514,0.100000001490116,-1.10000002384186,0.0,-97,-102,-101,-86,-97,-100,-95,-108,-145.3,85,15613,-10109,"2016-11-17 11:39:55.407","speed 8 -2",8
20956,151.226849870517,-33.9310237314607,9.69999980926514,0.0,-1.10000002384186,0.0,-97,-102,-101,-86,-97,-100,-95,-108,-153.7,85,15613,-10109,"2016-11-17 11:39:55.518","speed 8 -2",8
20957,151.226848827577,-33.9310236223956,9.69999980926514,0.0,-1.0,0.0,-97,-102,-101,-86,-97,-100,-95,-108,-162.0,85,15540,-11007,"2016-11-17 11:39:55.627","speed 8 -2",8
20958,151.226847721083,-33.9310236113038,9.69999980926514,0.0,-0.899999976158142,0.0,-97,-102,-101,-86,-97,-100,-95,-108,-170.3,85,15540,-11007,"2016-11-17 11:39:55.707","speed 8 -2",8
20959,151.226847482237,-33.9310235949354,9.69999980926514,0.0,-0.899999976158142,0.0,-97,-102,-101,-86,-97,-100,-95,-108,-178.9,85,15540,-11007,"2016-11-17 11:39:55.809","speed 8 -2",8
20960,151.226846525303,-33.931023663425,9.69999980926514,-0.100000001490116,-0.800000011920929,0.0,-97,-102,-101,-86,-97,-100,-95,-108,172.4,85,15540,-11007,"2016-11-17 11:39:55.907","speed 8 -2",8
20961,151.226845818109,-33.9310238882755,9.69999980926514,-0.100000001490116,-0.699999988079071,0.0,-97,-102,-101,-86,-97,-100,-95,-108,163.4,85,15540,-11007,"2016-11-17 11:39:56.008","speed 8 -2",8
20962,151.22684525194,-33.9310239245668,9.69999980926514,-0.100000001490116,-0.699999988079071,0.0,-97,-102,-101,-86,-97,-100,-95,-108,154.5,85,15540,-11007,"2016-11-17 11:39:56.108","speed 8 -2",8
20963,151.226844736225,-33.9310239679732,9.60000038146973,-0.100000001490116,-0.600000023841858,0.0,-101,-102,-100,-98,-101,-99,-85,-108,145.2,85,15540,-11007,"2016-11-17 11:39:56.214","speed 8 -2",8
20964,151.226844736225,-33.9310239679732,9.60000038146973,-0.100000001490116,-0.600000023841858,0.0,-101,-102,-100,-98,-101,-99,-85,-108,145.2,85,15540,-11007,"2016-11-17 11:39:56.309","speed 8 -2",8
20965,151.226843883513,-33.9310239455913,9.60000038146973,0.0,-0.600000023841858,0.0,-101,-102,-100,-98,-101,-99,-85,-108,126.2,85,15540,-11007,"2016-11-17 11:39:56.408","speed 8 -2",8
